MeshAnim
1
186
69
60
0.7669846 -0.02488918 0.6411826 0
-0.1264175 0.9738016 0.1890216 0
0.6290892 0.2260333 -0.7437444 0
-8.44413E-05 0.9256548 0.0004367453 1

0.7662382 -0.02195453 0.6421815 0
-0.0465554 0.9948925 0.08956178 0
0.6408678 0.09852266 -0.7613026 0
-0.001826684 1.019066 0.006146527 1

-0.9827023 0.0599192 0.1752313 0
-0.1239444 -0.9158488 -0.3819149 0
-0.1376015 0.3970276 -0.9074332 0
-0.0698361 0.8961775 -0.06752056 1

-0.8090891 -0.08682824 -0.5812363 0
0.1477586 -0.9873101 -0.05819237 0
0.5688077 0.1329655 -0.8116514 0
0.07794318 0.8913825 0.05601988 1

0.7666919 -0.008754425 0.6419555 0
0.07299826 0.9946113 -0.07361871 0
0.6378517 -0.1033045 -0.7631994 0
-0.009394201 1.180784 0.02070468 1

-0.9817262 0.0480125 0.1841429 0
-0.04176167 -0.998417 0.03767687 0
-0.1856605 -0.02929833 -0.9821771 0
-0.1216877 0.5130364 -0.2272929 1

-0.8033054 -0.07086497 -0.5913363 0
-0.2105081 -0.8950201 0.3932245 0
0.5571236 -0.4403605 -0.7040567 0
0.1397573 0.478346 0.03167539 1

0.7685956 0.003951956 0.6397226 0
0.2952423 0.8849283 -0.360186 0
0.5675321 -0.4657106 -0.6789852 0
0.0006070909 1.317053 0.01061838 1

-0.9838532 -0.01647292 0.1782183 0
-0.08944468 -0.8172379 -0.5693171 0
-0.1550252 0.5760651 -0.8025686 0
-0.137951 0.1242206 -0.2126203 1

-0.6122165 0.01647478 -0.7905186 0
0.4472697 -0.817237 -0.3634194 0
0.6520282 0.5760664 -0.4929572 0
0.05777847 0.1297956 0.18481 1

0.8312351 -0.0703457 0.5514523 0
0.3110965 0.8809587 -0.3565542 0
0.4607246 -0.4679352 -0.754168 0
0.01686776 1.460137 -0.009801937 1

0.5857397 0.1736822 -0.7916712 0
-0.7941334 -0.07231224 -0.6034259 0
0.1620519 -0.9821432 -0.09557071 0
-0.03806866 1.424624 -0.03962426 1

-0.8103511 -0.2469878 0.5313456 0
0.5438502 0.02046185 0.8389329 0
0.2180785 -0.9688025 -0.1177429 0
0.05638037 1.425111 0.03898717 1

-0.9560368 1.714565E-06 0.2932471 0
-0.293247 0.001290686 -0.956036 0
0.0003801174 0.9999992 0.001233492 0
-0.1515466 2.980232E-07 -0.2991565 1

-0.5146031 3.223121E-05 -0.8574287 0
0.8574275 0.001645702 -0.5146023 0
-0.00139446 0.9999987 0.0008744858 0
0.1257635 0.005575538 0.1295703 1

0.8312351 -0.0703457 0.5514523 0
0.3110965 0.8809587 -0.3565542 0
0.4607246 -0.4679352 -0.754168 0
0.03463987 1.494033 -0.03226686 1

0.5398079 0.7710537 -0.3377625 0
0.1554945 -0.4856734 -0.8601993 0
0.8273022 -0.4118221 0.3820649 0
-0.1370653 1.415609 -0.1148473 1

0.37495 -0.335633 0.8641546 0
0.5873808 -0.6351604 -0.5015528 0
-0.7172144 -0.6956449 0.04100904 0
0.1241765 1.427662 0.1435682 1

-0.9560368 1.714565E-06 0.2932471 0
-0.293247 0.001290686 -0.956036 0
0.0003801174 0.9999992 0.001233492 0
-0.2057973 0.0002391934 -0.4760231 1

-0.5146031 3.223121E-05 -0.8574287 0
0.8574275 0.001645702 -0.5146023 0
-0.00139446 0.9999987 0.0008744858 0
0.2843876 0.005880058 0.03436884 1

0.8826031 -0.3844986 0.2705038 0
0.4440398 0.8707951 -0.2110561 0
0.1544026 -0.3063932 -0.9392992 0
0.05112192 1.525489 -0.05309858 1

0.08733076 0.7661411 0.6367113 0
0.5549275 0.4933866 -0.6697949 0
0.8273022 -0.4118223 0.3820649 0
-0.0940136 1.281141 -0.3530107 1

0.5259454 -0.5789815 -0.6230265 0
-0.4571488 0.4252751 -0.7811251 0
-0.7172145 -0.6956447 0.04100916 0
0.2868046 1.251805 0.00470326 1

0.8826031 -0.3844986 0.2705038 0
0.4440398 0.8707951 -0.2110561 0
0.1544026 -0.3063932 -0.9392992 0
0.2363768 1.830579 -0.2242386 1

0.1544046 -0.3063941 -0.9392986 0
-0.8826029 0.384498 -0.2705059 0
-0.4440398 -0.8707951 0.2110561 0
0.09955254 1.644153 -0.2306163 1

-0.1543869 0.3063886 0.9393033 0
0.8826057 -0.3845037 0.2704881 0
-0.4440401 -0.8707944 0.211058 0
0.1894026 1.605011 -0.2030788 1

-0.7567536 -0.006155256 -0.6536716 0
0.6529474 -0.05509878 -0.7553964 0
0.03136687 0.998462 -0.04571517 0
0.06078221 1.41877 -0.5398485 1

-0.1013932 -0.9891529 -0.1062814 0
-0.02344665 0.1091784 -0.9937457 0
-0.9945703 0.09826731 0.03426221 0
0.1592839 1.370435 -0.21319 1

-0.9281987 0.143311 -0.3433791 0
0.3719587 0.3814187 -0.8462664 0
-0.009691849 0.9132263 0.4073381 0
0.05940609 1.431567 -0.5740213 1

-0.7064413 -0.01393778 -0.7076348 0
0.5824079 0.5566645 -0.5923896 0
-0.4021716 0.8306205 0.3851333 0
0.1128567 1.415492 -0.6337934 1

-0.6868045 -0.004151318 -0.7268306 0
0.4698831 0.7603896 -0.4483498 0
-0.5545353 0.6494542 0.5202883 0
0.1297671 1.41334 -0.6187011 1

-0.6847233 -0.01246038 -0.7286969 0
0.3772474 0.8494226 -0.3690068 0
-0.6235694 0.5275666 0.5769185 0
0.1456615 1.414085 -0.6017067 1

-0.6951138 -0.1256639 -0.7078317 0
0.1611275 0.9323215 -0.3237508 0
-0.7006104 0.339095 0.6278216 0
0.1588918 1.416087 -0.5848504 1

-0.04770687 -0.853527 -0.5188599 0
-0.6228135 0.4315281 -0.6526005 0
-0.7809147 -0.2920193 0.5521748 0
0.1468564 1.397531 -0.2342823 1

-0.1179659 -0.9846008 -0.1290159 0
-0.2370826 0.1540916 -0.9591912 0
-0.964301 0.08256454 0.2516094 0
0.1564058 1.403959 -0.3152487 1

-0.03799194 -0.9990426 0.02169388 0
-0.8033825 0.01762679 -0.5952027 0
-0.5942504 0.04004138 0.8032829 0
0.1564124 1.381302 -0.3174965 1

-0.1573059 -0.986042 -0.05455276 0
-0.846511 0.1630838 -0.5067772 0
-0.5086002 0.03353951 0.8603495 0
0.1536572 1.358185 -0.3174546 1

-0.1699517 -0.9847242 -0.03787471 0
-0.9056039 0.171221 -0.3880277 0
-0.3885851 0.0316465 0.9208693 0
0.1499911 1.337072 -0.3154562 1

-0.02344659 0.1091785 -0.9937458 0
0.1013933 0.9891531 0.1062815 0
-0.9945703 0.09826731 0.03426221 0
0.1293936 1.400232 -0.349086 1

-0.8345803 0.4798859 -0.2705287 0
0.4820169 0.39837 -0.7803596 0
0.2667129 0.7816721 0.5637849 0
0.07619615 1.448784 -0.6122212 1

-0.6719574 0.07737561 -0.7365369 0
0.003507718 0.9948488 0.1013122 0
-0.7405816 -0.06549383 0.6687671 0
0.1451762 1.446383 -0.6666667 1

-0.6720585 0.1030669 -0.7332904 0
-0.2406881 0.9060928 0.3479449 0
-0.7002904 -0.4103336 0.5841401 0
0.1570458 1.457484 -0.6447297 1

-0.687119 0.1047815 -0.71895 0
-0.4101501 0.7608483 0.5028789 0
-0.5997039 -0.6404148 0.4798168 0
0.1661043 1.460115 -0.6217028 1

-0.7167718 -0.01749832 -0.6970887 0
-0.4921494 0.720898 0.48795 0
-0.4939913 -0.6928205 0.5253308 0
0.1648285 1.450438 -0.5967789 1

0.5109605 -0.8025947 -0.3078336 0
-0.4291931 0.07208091 -0.900332 0
-0.7447905 -0.5921539 0.3076378 0
0.118742 1.41701 -0.2637412 1

-0.09494837 -0.9914015 -0.09004279 0
-0.7273179 0.1308459 -0.6737124 0
-0.6797012 -0.00152187 0.7334877 0
0.1432494 1.41251 -0.3684772 1

0.08639318 -0.9960517 -0.02042949 0
-0.2750922 -0.04355926 0.9604309 0
0.9575285 0.07735449 0.2777691 0
0.109773 1.382325 -0.3520503 1

-0.04328745 -0.9946423 -0.09387675 0
-0.3699299 -0.07132846 0.9263176 0
0.9280509 -0.07482594 0.3648602 0
0.1077851 1.367022 -0.3449166 1

-0.06573646 -0.9952132 -0.07231425 0
-0.5141731 -0.02832483 0.8572187 0
0.8551637 -0.09353273 0.5098499 0
0.1166243 1.343381 -0.329753 1

-0.8950299 0.4305452 -0.1164162 0
0.3119444 0.4177439 -0.8533351 0
0.3187672 0.8000757 0.5081996 0
0.1011582 1.469414 -0.6526335 1

-0.677787 0.1181715 -0.7257001 0
-0.2715602 0.8769798 0.3964366 0
-0.6832715 -0.4657708 0.5623143 0
0.1452952 1.480119 -0.6632311 1

-0.6825867 0.1290823 -0.7193146 0
-0.422573 0.733332 0.5325944 0
-0.5962446 -0.6675046 0.4460155 0
0.1481836 1.490846 -0.6319184 1

-0.7102739 0.131453 -0.6915429 0
-0.5994393 0.4020744 0.6921047 0
-0.3690308 -0.9061219 0.2067845 0
0.1508142 1.488479 -0.6029559 1

-0.7307801 -0.001786372 -0.682611 0
-0.5788532 0.5316222 0.6183094 0
-0.3617866 -0.8469797 0.3895329 0
0.1509736 1.470733 -0.5830422 1

0.5585458 -0.5757454 0.5971132 0
0.3974953 -0.4460416 -0.8019007 0
-0.7280278 -0.6852477 0.02027866 0
0.09651633 1.420743 -0.3103646 1

-0.05844204 -0.9957815 -0.07073812 0
-0.9718411 0.07295395 -0.2240608 0
-0.2282761 -0.05565166 0.9720047 0
0.1185853 1.416947 -0.3913234 1

0.08937164 -0.994917 -0.04639996 0
0.05023956 -0.04202408 0.9978529 0
0.9947304 0.09151073 -0.04622835 0
0.09964412 1.380721 -0.3166875 1

-0.04722619 -0.9858803 -0.1606544 0
0.4755392 -0.1636288 0.8643427 0
0.8784262 0.03557773 -0.4765521 0
0.09399428 1.364363 -0.3103838 1

-0.06427748 -0.985845 -0.1548476 0
0.4742217 -0.1667041 0.8644791 0
0.878056 0.01786545 -0.4782244 0
0.1021494 1.342583 -0.3056208 1

-0.8950299 0.4305452 -0.1164162 0
0.3119444 0.4177439 -0.8533351 0
0.3187672 0.8000757 0.5081996 0
0.1109328 1.482504 -0.6793723 1

-0.677787 0.1181715 -0.7257001 0
-0.2715602 0.8769798 0.3964366 0
-0.6832715 -0.4657708 0.5623143 0
0.138261 1.502835 -0.6529623 1

-0.6825867 0.1290823 -0.7193146 0
-0.422573 0.733332 0.5325944 0
-0.5962446 -0.6675046 0.4460155 0
0.1397531 1.505477 -0.6212929 1

-0.7102739 0.131453 -0.6915429 0
-0.5994393 0.4020744 0.6921047 0
-0.3690308 -0.9061219 0.2067845 0
0.1407409 1.495236 -0.5913255 1

-0.7307801 -0.001786372 -0.682611 0
-0.5788532 0.5316222 0.6183094 0
-0.3617866 -0.8469797 0.3895329 0
0.1385094 1.48218 -0.5697283 1

0.5585458 -0.5757454 0.5971132 0
0.3974953 -0.4460416 -0.8019007 0
-0.7280278 -0.6852477 0.02027866 0
0.1089734 1.406765 -0.3354951 1

-0.05844204 -0.9957815 -0.07073812 0
-0.9718411 0.07295395 -0.2240608 0
-0.2282761 -0.05565166 0.9720047 0
0.09341228 1.418836 -0.3971272 1

0.08937164 -0.994917 -0.04639996 0
0.05023956 -0.04202408 0.9978529 0
0.9947304 0.09151073 -0.04622835 0
0.1006465 1.379883 -0.2967794 1

-0.04722619 -0.9858803 -0.1606544 0
0.4755392 -0.1636288 0.8643427 0
0.8784262 0.03557773 -0.4765521 0
0.1019855 1.361613 -0.295859 1

-0.06427748 -0.985845 -0.1548476 0
0.4742217 -0.1667041 0.8644791 0
0.878056 0.01786545 -0.4782244 0
0.1123608 1.338994 -0.2870063 1

0.7669846 -0.02488918 0.6411826 0
-0.1264175 0.9738016 0.1890216 0
0.6290892 0.2260333 -0.7437444 0
-0.0001215795 0.9256345 0.000488575 1

0.7662422 -0.02204756 0.6421734 0
-0.04651671 0.9948854 0.08966091 0
0.6408658 0.09857377 -0.7612977 0
-0.001863822 1.019045 0.006198357 1

-0.9825903 0.06042318 0.1756858 0
-0.1245958 -0.9157702 -0.3818914 0
-0.1378128 0.3971325 -0.9073552 0
-0.06987324 0.8961571 -0.06746873 1

-0.8090891 -0.08682824 -0.5812363 0
0.1477586 -0.9873101 -0.05819237 0
0.5688077 0.1329655 -0.8116514 0
0.07790604 0.8913622 0.05607171 1

0.7667017 -0.008848801 0.6419424 0
0.0734249 0.9945526 -0.07398549 0
0.6377909 -0.1038594 -0.763175 0
-0.009425051 1.180763 0.02077262 1

-0.9816707 0.04722968 0.1846404 0
-0.04097836 -0.9984551 0.0375292 0
-0.1861277 -0.02927514 -0.9820894 0
-0.1219973 0.5130489 -0.2272312 1

-0.8022669 -0.07151797 -0.5926661 0
-0.2107692 -0.8949248 0.3933014 0
0.5585197 -0.4404486 -0.7028947 0
0.1397202 0.4783257 0.03172722 1

0.7686095 0.003855247 0.6397066 0
0.2955408 0.8847312 -0.3604253 0
0.5673578 -0.4660859 -0.6788735 0
0.0006346998 1.317024 0.01063606 1

-0.983853 -0.01645182 0.1782209 0
-0.08946294 -0.817239 -0.5693127 0
-0.1550153 0.5760643 -0.8025711 0
-0.1379556 0.1242182 -0.2126161 1

-0.6126392 0.01655885 -0.7901891 0
0.446858 -0.8173903 -0.3635812 0
0.6519134 0.5758465 -0.493366 0
0.05763967 0.1298124 0.1848918 1

0.8311905 -0.07044678 0.5515066 0
0.3114136 0.880731 -0.3568396 0
0.4605907 -0.4683485 -0.7539933 0
0.01694439 1.460096 -0.009822327 1

0.586814 0.1731523 -0.7909915 0
-0.7936096 -0.07091569 -0.6042802 0
0.1607262 -0.9823385 -0.09580104 0
-0.03800489 1.424594 -0.03963419 1

-0.8104258 -0.2465675 0.5314267 0
0.5438737 0.02049534 0.8389168 0
0.2177415 -0.9689088 -0.1174916 0
0.05644587 1.42507 0.03897525 1

-0.956036 2.284627E-05 0.2932496 0
-0.2932493 0.001291867 -0.9560351 0
0.0004006419 0.9999995 0.001228361 0
-0.151554 -2.086163E-06 -0.2991517 1

-0.5150664 8.403324E-05 -0.8571503 0
0.8571496 0.001369448 -0.5150659 0
-0.001130562 0.999999 0.000777429 0
0.1255621 0.0055691 0.1296275 1

0.8311905 -0.07044678 0.5515066 0
0.3114136 0.880731 -0.3568396 0
0.4605907 -0.4683485 -0.7539933 0
0.03472903 1.493979 -0.032298 1

0.5408801 0.7701112 -0.3381968 0
0.1542277 -0.4860792 -0.8601983 0
0.8268387 -0.413105 0.3816831 0
-0.1369362 1.415754 -0.1149637 1

0.3740807 -0.3353423 0.8646441 0
0.587594 -0.6356107 -0.5007319 0
-0.7174936 -0.6953737 0.04072461 0
0.1242449 1.427624 0.1435543 1

-0.956036 2.284627E-05 0.2932496 0
-0.2932493 0.001291867 -0.9560351 0
0.0004006419 0.9999995 0.001228361 0
-0.2058051 0.0002369881 -0.4760182 1

-0.5150664 8.403324E-05 -0.8571503 0
0.8571496 0.001369448 -0.5150659 0
-0.001130562 0.999999 0.000777429 0
0.2841347 0.00582242 0.03434029 1

0.8823879 -0.3846967 0.2709243 0
0.4444582 0.8704522 -0.2115888 0
0.1544292 -0.307118 -0.9390582 0
0.0512227 1.525422 -0.05313973 1

0.08831543 0.7655632 0.6372702 0
0.5554621 0.4932111 -0.6694808 0
0.8268386 -0.413105 0.3816831 0
-0.09423529 1.281173 -0.3531268 1

0.5262841 -0.5794697 -0.6222864 0
-0.4563203 0.4250537 -0.7817299 0
-0.7174937 -0.6953734 0.04072466 0
0.2869321 1.251643 0.004916649 1

0.8823879 -0.3846967 0.2709243 0
0.4444582 0.8704522 -0.2115888 0
0.1544292 -0.307118 -0.9390582 0
0.2366409 1.83031 -0.2244613 1

0.1544312 -0.3071188 -0.9390576 0
-0.8823875 0.384696 -0.2709263 0
-0.4444582 -0.8704522 0.2115888 0
0.0997358 1.643941 -0.2307321 1

-0.1544136 0.3071134 0.9390622 0
0.8823904 -0.3847018 0.2709086 0
-0.4444585 -0.8704516 0.2115908 0
0.189564 1.604778 -0.2031517 1

-0.7569172 -0.00627123 -0.6534808 0
0.6527594 -0.05519307 -0.7555521 0
0.03132933 0.998456 -0.0458701 0
0.0607097 1.418753 -0.5398771 1

-0.1006114 -0.9893777 -0.1049258 0
-0.02250519 0.107697 -0.9939291 0
-0.9946713 0.09763952 0.03310153 0
0.1596424 1.370211 -0.2131454 1

-0.9282885 0.1432363 -0.3431673 0
0.3717364 0.3813036 -0.8464158 0
-0.009613648 0.913286 0.4072059 0
0.05932467 1.431545 -0.5740513 1

-0.7066181 -0.01406036 -0.7074553 0
0.5822448 0.5565924 -0.5926178 0
-0.4020968 0.8306668 0.385112 0
0.1127607 1.415463 -0.6338344 1

-0.6869866 -0.004276233 -0.7266575 0
0.4697507 0.7603355 -0.4485798 0
-0.5544217 0.6495166 0.5203317 0
0.1296749 1.413314 -0.6187462 1

-0.6849056 -0.01258554 -0.7285233 0
0.3771327 0.8493779 -0.3692265 0
-0.6234384 0.5276353 0.5769972 0
0.1455736 1.414062 -0.6017557 1

-0.695288 -0.1257863 -0.7076387 0
0.161022 0.932278 -0.3239287 0
-0.7004615 0.3391692 0.6279473 0
0.1588081 1.416067 -0.5849031 1

-0.04659559 -0.8543236 -0.517649 0
-0.6224396 0.4301405 -0.6538721 0
-0.7812799 -0.2917372 0.5518075 0
0.1472181 1.397267 -0.2342902 1

-0.117164 -0.9848704 -0.1276839 0
-0.2362069 0.1525154 -0.9596593 0
-0.9646136 0.08227804 0.2505024 0
0.1568459 1.403582 -0.3152564 1

-0.03732871 -0.9990354 0.02313025 0
-0.8028222 0.0161986 -0.5959989 0
-0.595049 0.0408175 0.8026524 0
0.1568703 1.380923 -0.3174708 1

-0.1565792 -0.9862283 -0.0532589 0
-0.8461034 0.1617591 -0.5078814 0
-0.5095022 0.03446127 0.8597795 0
0.1541307 1.357803 -0.3173975 1

-0.1692428 -0.9848948 -0.03659571 0
-0.905323 0.1700312 -0.3892045 0
-0.3895478 0.0327393 0.9204244 0
0.1504769 1.336691 -0.3153717 1

-0.02250519 0.1076971 -0.9939293 0
0.1006115 0.9893777 0.1049259 0
-0.9946713 0.09763952 0.03310153 0
0.1298707 1.399787 -0.3491156 1

-0.8346604 0.4798243 -0.2703898 0
0.4818107 0.3982677 -0.7805392 0
0.2668339 0.7817619 0.5636027 0
0.07610469 1.448757 -0.612258 1

-0.6721441 0.07724967 -0.7363796 0
0.003507119 0.9948637 0.1011646 0
-0.7404119 -0.06541453 0.6689625 0
0.145071 1.44635 -0.6667204 1

-0.6722451 0.1029414 -0.7331369 0
-0.2406244 0.9061376 0.347872 0
-0.7001331 -0.4102656 0.5843762 0
0.1569459 1.457454 -0.644788 1

-0.6873019 0.1046577 -0.7187929 0
-0.4100437 0.7609118 0.5028697 0
-0.5995668 -0.6403597 0.4800617 0
0.1660102 1.460089 -0.6217638 1

-0.7169461 -0.01761965 -0.6969061 0
-0.4920457 0.720957 0.4879672 0
-0.4938413 -0.6927558 0.5255567 0
0.1647409 1.450416 -0.5968382 1

0.511821 -0.8026991 -0.3061274 0
-0.4283217 0.07046062 -0.9008754 0
-0.7447017 -0.5922074 0.3077504 0
0.1191206 1.416684 -0.2638066 1

-0.09418165 -0.9915978 -0.08867728 0
-0.7267177 0.1293563 -0.6746472 0
-0.6804494 -0.0009037937 0.7327948 0
0.1437381 1.412046 -0.3685107 1

0.08709475 -0.9960211 -0.01887815 0
-0.2759847 -0.04233239 0.9602296 0
0.9572082 0.07842068 0.2785736 0
0.1102634 1.381863 -0.3520707 1

-0.04251476 -0.9948089 -0.09245358 0
-0.3708281 -0.07021484 0.9260439 0
0.9277282 -0.0736551 0.3659179 0
0.1082807 1.366569 -0.3449194 1

-0.06498532 -0.9953634 -0.07091327 0
-0.5150298 -0.02741135 0.8567342 0
0.8547056 -0.09219781 0.5108605 0
0.1171205 1.342956 -0.3297119 1

-0.8950701 0.4305047 -0.116255 0
0.3117194 0.4176262 -0.8534747 0
0.3188735 0.8001588 0.5080016 0
0.101056 1.469382 -0.6526796 1

-0.677972 0.1180471 -0.7255474 0
-0.2714836 0.8770311 0.3963755 0
-0.6831183 -0.4657056 0.5625545 0
0.1451901 1.480087 -0.66329 1

-0.6827703 0.1289586 -0.7191622 0
-0.4224585 0.7333992 0.5325924 0
-0.5961152 -0.6674544 0.4462636 0
0.148086 1.490819 -0.6319794 1

-0.7104506 0.1313328 -0.6913838 0
-0.5992761 0.4021607 0.6921958 0
-0.3689551 -0.9061009 0.2070106 0
0.150724 1.488455 -0.6030172 1

-0.7309511 -0.001905901 -0.6824272 0
-0.5787119 0.5316982 0.6183765 0
-0.3616667 -0.8469319 0.3897483 0
0.1508889 1.470712 -0.583101 1

0.5583268 -0.5744832 0.5985321 0
0.3986181 -0.4469523 -0.8008356 0
-0.7275819 -0.6857134 0.02054599 0
0.09694008 1.420333 -0.3104582 1

-0.05769208 -0.9959242 -0.06932884 0
-0.971661 0.0719607 -0.2251604 0
-0.2292317 -0.05437404 0.9718523 0
0.1190944 1.416433 -0.3913887 1

0.0900974 -0.9949228 -0.04484737 0
0.04930967 -0.04051902 0.9979616 0
0.9947118 0.09212488 -0.04540855 0
0.1001016 1.380304 -0.3167153 1

-0.04639111 -0.986148 -0.1592482 0
0.4747667 -0.1620299 0.8650686 0
0.8788886 0.03547398 -0.475707 0
0.09445637 1.363951 -0.3103968 1

-0.06344832 -0.9861161 -0.1534589 0
0.4734509 -0.1651058 0.8652079 0
0.8785322 0.01775895 -0.4773533 0
0.1026215 1.342184 -0.3055933 1

-0.8950701 0.4305047 -0.116255 0
0.3117194 0.4176262 -0.8534747 0
0.3188735 0.8001588 0.5080016 0
0.1108236 1.482468 -0.6794227 1

-0.677972 0.1180471 -0.7255474 0
-0.2714836 0.8770311 0.3963755 0
-0.6831183 -0.4657056 0.5625545 0
0.1381579 1.502804 -0.6530227 1

-0.6827703 0.1289586 -0.7191622 0
-0.4224585 0.7333992 0.5325924 0
-0.5961152 -0.6674544 0.4462636 0
0.1396578 1.50545 -0.621354 1

-0.7104506 0.1313328 -0.6913838 0
-0.5992761 0.4021607 0.6921958 0
-0.3689551 -0.9061009 0.2070106 0
0.1406534 1.495214 -0.5913852 1

-0.7309511 -0.001905901 -0.6824272 0
-0.5787119 0.5316982 0.6183765 0
-0.3616667 -0.8469319 0.3897483 0
0.1384277 1.482161 -0.5697857 1

0.5583268 -0.5744832 0.5985321 0
0.3986181 -0.4469523 -0.8008356 0
-0.7275819 -0.6857134 0.02054599 0
0.1094323 1.406326 -0.3355553 1

-0.05769208 -0.9959242 -0.06932884 0
-0.971661 0.0719607 -0.2251604 0
-0.2292317 -0.05437404 0.9718523 0
0.09392603 1.418297 -0.3972209 1

0.0900974 -0.9949228 -0.04484737 0
0.04930967 -0.04051902 0.9979616 0
0.9947118 0.09212488 -0.04540855 0
0.1010854 1.379496 -0.296805 1

-0.04639111 -0.986148 -0.1592482 0
0.4747667 -0.1620299 0.8650686 0
0.8788886 0.03547398 -0.475707 0
0.1024346 1.361229 -0.2958597 1

-0.06344832 -0.9861161 -0.1534589 0
0.4734509 -0.1651058 0.8652079 0
0.8785322 0.01775895 -0.4773533 0
0.1128162 1.338629 -0.2869631 1

0.7669846 -0.02488918 0.6411826 0
-0.1264175 0.9738016 0.1890216 0
0.6290892 0.2260333 -0.7437444 0
-0.0001584162 0.9256153 0.0005428192 1

0.7662457 -0.0221414 0.642166 0
-0.04648624 0.994877 0.08977094 0
0.6408638 0.0986385 -0.761291 0
-0.001900659 1.019026 0.006252601 1

-0.9824886 0.06088199 0.1760944 0
-0.1251858 -0.9157016 -0.3818628 0
-0.1380014 0.3972205 -0.907288 0
-0.06991007 0.8961379 -0.06741448 1

-0.8090891 -0.08682824 -0.5812363 0
0.1477586 -0.9873101 -0.05819237 0
0.5688077 0.1329655 -0.8116514 0
0.07786921 0.8913429 0.05612596 1

0.7667106 -0.00894605 0.6419303 0
0.07382668 0.9944981 -0.07431787 0
0.6377336 -0.1043719 -0.7631528 0
-0.009456942 1.180742 0.02084475 1

-0.9816139 0.04655387 0.1851126 0
-0.04030547 -0.998488 0.03737767 0
-0.1865728 -0.02922937 -0.9820062 0
-0.122281 0.5130584 -0.227165 1

-0.8013621 -0.07208714 -0.5938201 0
-0.2110067 -0.894833 0.3933831 0
0.5597275 -0.4405424 -0.7018742 0
0.1396833 0.4783065 0.03178146 1

0.7686223 0.003753634 0.6396917 0
0.2958318 0.8845435 -0.3606474 0
0.5671888 -0.4664429 -0.6787694 0
0.0006578552 1.316996 0.01066266 1

-0.9838498 -0.01638604 0.1782434 0
-0.08952975 -0.8172359 -0.5693066 0
-0.1549955 0.5760704 -0.8025705 0
-0.1379772 0.1242148 -0.212609 1

-0.6129136 0.01658846 -0.7899758 0
0.4465653 -0.8175237 -0.3636408 0
0.6518561 0.5756562 -0.4936635 0
0.05751031 0.1298289 0.1849778 1

0.8311472 -0.07055563 0.551558 0
0.3117279 0.8805102 -0.3571101 0
0.4604562 -0.468747 -0.7538277 0
0.01701528 1.460057 -0.009831091 1

0.5877657 0.1726487 -0.790395 0
-0.7931474 -0.06967174 -0.6050311 0
0.1595259 -0.9825163 -0.0959852 0
-0.03794646 1.424567 -0.03963327 1

-0.8104991 -0.2461649 0.5315017 0
0.5438957 0.0205181 0.838902 0
0.2174136 -0.9690109 -0.117258 0
0.05650586 1.42503 0.03897436 1

-0.9560291 8.734688E-05 0.2932713 0
-0.2932709 0.001306405 -0.9560285 0
0.0004666317 0.9999992 0.001223351 0
-0.1515857 -4.947186E-06 -0.2991435 1

-0.5153675 8.59648E-05 -0.8569692 0
0.8569688 0.001135225 -0.5153672 0
-0.0009285528 0.9999994 0.0006587971 0
0.1253882 0.005565345 0.1297045 1

0.8311472 -0.07055563 0.551558 0
0.3117279 0.8805102 -0.3571101 0
0.4604562 -0.468747 -0.7538277 0
0.03481231 1.493927 -0.03231697 1

0.5418342 0.7692683 -0.3385884 0
0.1530875 -0.4864381 -0.860199 0
0.826426 -0.4142515 0.3813341 0
-0.1368202 1.415882 -0.1150564 1

0.3732753 -0.3350827 0.8650926 0
0.5877784 -0.6360338 -0.4999776 0
-0.7177618 -0.6951123 0.04046136 0
0.1243077 1.427587 0.1435515 1

-0.9560291 8.734688E-05 0.2932713 0
-0.2932709 0.001306405 -0.9560285 0
0.0004666317 0.9999992 0.001223351 0
-0.2058408 0.0002366304 -0.4760088 1

-0.5153675 8.59648E-05 -0.8569692 0
0.8569688 0.001135225 -0.5153672 0
-0.0009285528 0.9999994 0.0006587971 0
0.2839275 0.005775392 0.03436151 1

0.8821739 -0.3849058 0.2713241 0
0.4448805 0.8701081 -0.2121168 0
0.1544362 -0.3078307 -0.9388235 0
0.05131749 1.525357 -0.05316817 1

0.08917856 0.7650252 0.6377959 0
0.5559384 0.4930842 -0.6691789 0
0.8264259 -0.4142517 0.3813344 0
-0.09443487 1.281201 -0.3532197 1

0.5265848 -0.5799261 -0.6216062 0
-0.4555506 0.424859 -0.7822844 0
-0.7177619 -0.6951119 0.04046136 0
0.2870458 1.251489 0.005122736 1

0.8821739 -0.3849058 0.2713241 0
0.4448805 0.8701081 -0.2121168 0
0.1544362 -0.3078307 -0.9388235 0
0.2368985 1.830046 -0.2246701 1

0.1544382 -0.3078315 -0.938823 0
-0.8821735 0.3849051 -0.2713261 0
-0.4448805 -0.8701081 0.2121168 0
0.099911 1.643733 -0.2308342 1

-0.1544206 0.3078261 0.9388277 0
0.8821765 -0.3849109 0.2713084 0
-0.4448808 -0.8701074 0.2121189 0
0.1897173 1.604549 -0.2032131 1

-0.7570599 -0.006399717 -0.6533143 0
0.6525978 -0.05523638 -0.7556884 0
0.03125039 0.998453 -0.04599361 0
0.06064298 1.418746 -0.5398859 1

-0.09989095 -0.9895845 -0.1036566 0
-0.02164596 0.1063145 -0.9940971 0
-0.9947631 0.09705763 0.0320403 0
0.159971 1.370002 -0.2130939 1

-0.9283736 0.1431322 -0.3429809 0
0.3715248 0.3812304 -0.8465417 0
-0.009587348 0.9133329 0.4071013 0
0.05924947 1.431534 -0.5740612 1

-0.7067722 -0.01419165 -0.7072991 0
0.5820767 0.5565632 -0.5928104 0
-0.4020695 0.8306842 0.3851026 0
0.1126736 1.415448 -0.6338542 1

-0.6871455 -0.004408471 -0.7265066 0
0.4696002 0.7603157 -0.4487715 0
-0.5543527 0.6495392 0.5203772 0
0.1295913 1.413302 -0.6187693 1

-0.6850643 -0.01271785 -0.7283719 0
0.3769933 0.8493608 -0.3694084 0
-0.6233484 0.5276598 0.5770719 0
0.1454936 1.414053 -0.6017825 1

-0.6954342 -0.1259169 -0.7074717 0
0.1608868 0.9322514 -0.3240728 0
-0.7003475 0.3391943 0.6280609 0
0.1587315 1.416061 -0.5849329 1

-0.04557529 -0.8550645 -0.5165149 0
-0.6221 0.4288474 -0.6550434 0
-0.7816103 -0.2914701 0.5514806 0
0.1475493 1.397022 -0.2342876 1

-0.1164251 -0.9851191 -0.1264363 0
-0.2354078 0.1510452 -0.9600879 0
-0.9648982 0.08201431 0.24949 0
0.1572486 1.403232 -0.3152533 1

-0.0367162 -0.9990261 0.02447351 0
-0.8023049 0.01486819 -0.5967293 0
-0.5957842 0.04154477 0.8020697 0
0.1572893 1.380569 -0.3174364 1

-0.1559087 -0.9863995 -0.05204626 0
-0.8457309 0.1605262 -0.5088918 0
-0.5103253 0.03532343 0.8592559 0
0.1545642 1.357448 -0.3173339 1

-0.1685888 -0.985051 -0.03539673 0
-0.9050665 0.1689242 -0.3902816 0
-0.3904264 0.03376056 0.9200151 0
0.1509219 1.336336 -0.3152824 1

-0.02164605 0.1063146 -0.9940974 0
0.09989098 0.9895847 0.1036568 0
-0.9947631 0.09705763 0.0320403 0
0.1303075 1.399373 -0.3491324 1

-0.8347527 0.4797351 -0.2702632 0
0.4816124 0.3982096 -0.7806911 0
0.2669036 0.7818462 0.563453 0
0.0760199 1.448742 -0.6122735 1

-0.6723107 0.07711731 -0.7362415 0
0.003460728 0.9948757 0.1010476 0
-0.7402611 -0.0653874 0.6691322 0
0.1449747 1.446334 -0.6667508 1

-0.6724126 0.1028094 -0.7330017 0
-0.2406108 0.9061617 0.3478187 0
-0.699977 -0.4102458 0.5845775 0
0.1568535 1.457442 -0.6448224 1

-0.6874667 0.1045264 -0.7186546 0
-0.409986 0.7609422 0.5028704 0
-0.5994176 -0.6403449 0.4802678 0
0.1659226 1.46008 -0.6218005 1

-0.7170975 -0.01775045 -0.6967471 0
-0.4919887 0.7209801 0.4879908 0
-0.4936785 -0.6927285 0.5257457 0
0.1646594 1.450409 -0.5968733 1

0.5126112 -0.8027971 -0.3045446 0
-0.4275256 0.06895024 -0.90137 0
-0.7446154 -0.5922529 0.3078717 0
0.1194672 1.41638 -0.2638568 1

-0.09347492 -0.9917783 -0.08739915 0
-0.7261693 0.1279692 -0.6755013 0
-0.6811318 -0.0003241248 0.732161 0
0.1441851 1.411614 -0.3685315 1

0.08774246 -0.9959909 -0.01742918 0
-0.2768065 -0.04118558 0.9600429 0
0.9569114 0.07941185 0.2793105 0
0.1107124 1.381432 -0.3520789 1

-0.0418025 -0.994962 -0.09112284 0
-0.3716472 -0.06917378 0.9257936 0
0.9274328 -0.07256613 0.3668831 0
0.1087344 1.366147 -0.3449106 1

-0.06429273 -0.9955008 -0.06960281 0
-0.5158111 -0.02655678 0.8562908 0
0.8542866 -0.09095538 0.5117831 0
0.1175749 1.34256 -0.3296623 1

-0.8951254 0.4304296 -0.1161095 0
0.3115038 0.417548 -0.8535917 0
0.3189298 0.8002402 0.5078383 0
0.1009612 1.469364 -0.652703 1

-0.678139 0.1179156 -0.7254128 0
-0.2714573 0.8770586 0.3963324 0
-0.682963 -0.4656871 0.5627582 0
0.145092 1.480071 -0.6633243 1

-0.6829367 0.1288276 -0.7190278 0
-0.4223925 0.7334325 0.5325992 0
-0.5959717 -0.6674434 0.4464721 0
0.1479942 1.490807 -0.6320157 1

-0.7106112 0.131203 -0.6912438 0
-0.5991524 0.4022003 0.69228 0
-0.3688474 -0.9061022 0.2071972 0
0.1506386 1.488447 -0.6030538 1

-0.7311004 -0.002035953 -0.6822669 0
-0.5786132 0.5317307 0.6184409 0
-0.361523 -0.8469112 0.3899265 0
0.150809 1.470706 -0.5831355 1

0.5581296 -0.5733067 0.5998424 0
0.399646 -0.4478028 -0.7998474 0
-0.7271688 -0.6861433 0.02081251 0
0.09732787 1.419951 -0.3105341 1

-0.05700066 -0.9960549 -0.06801078 0
-0.9714956 0.07103794 -0.2261646 0
-0.2301036 -0.05318076 0.9717121 0
0.11956 1.415953 -0.3914384 1

0.09076738 -0.9949262 -0.0433973 0
0.04845309 -0.03911362 0.9980595 0
0.9946927 0.09269382 -0.04465717 0
0.1005204 1.379915 -0.3167303 1

-0.045622 -0.9863956 -0.1579329 0
0.4740616 -0.1605394 0.8657328 0
0.8793093 0.03537341 -0.4749365 0
0.09487958 1.363568 -0.3103973 1

-0.06268464 -0.9863663 -0.1521596 0
0.4727476 -0.163616 0.8658751 0
0.8789655 0.01765599 -0.4765585 0
0.1030539 1.341813 -0.3055563 1

-0.8951254 0.4304296 -0.1161095 0
0.3115038 0.417548 -0.8535917 0
0.3189298 0.8002402 0.5078383 0
0.1107219 1.482448 -0.6794499 1

-0.678139 0.1179156 -0.7254128 0
-0.2714573 0.8770586 0.3963324 0
-0.682963 -0.4656871 0.5627582 0
0.1380605 1.502789 -0.6530582 1

-0.6829367 0.1288276 -0.7190278 0
-0.4223925 0.7334325 0.5325992 0
-0.5959717 -0.6674434 0.4464721 0
0.1395673 1.505439 -0.62139 1

-0.7106112 0.131203 -0.6912438 0
-0.5991524 0.4022003 0.69228 0
-0.3688474 -0.9061022 0.2071972 0
0.1405702 1.495206 -0.5914205 1

-0.7311004 -0.002035953 -0.6822669 0
-0.5786132 0.5317307 0.6184409 0
-0.361523 -0.8469112 0.3899265 0
0.1383499 1.482156 -0.5698188 1

0.5581296 -0.5733067 0.5998424 0
0.399646 -0.4478028 -0.7998474 0
-0.7271688 -0.6861433 0.02081251 0
0.1098522 1.405918 -0.3356001 1

-0.05700066 -0.9960549 -0.06801078 0
-0.9714956 0.07103794 -0.2261646 0
-0.2301036 -0.05318076 0.9717121 0
0.09439595 1.417793 -0.3972966 1

0.09076738 -0.9949262 -0.0433973 0
0.04845309 -0.03911362 0.9980595 0
0.9946927 0.09269382 -0.04465717 0
0.1014871 1.379135 -0.2968181 1

-0.045622 -0.9863956 -0.1579329 0
0.4740616 -0.1605394 0.8657328 0
0.8793093 0.03537341 -0.4749365 0
0.102846 1.36087 -0.295849 1

-0.06268464 -0.9863663 -0.1521596 0
0.4727476 -0.163616 0.8658751 0
0.8789655 0.01765599 -0.4765585 0
0.1132334 1.33829 -0.2869116 1

0.7669846 -0.02488918 0.6411826 0
-0.1264175 0.9738016 0.1890216 0
0.6290892 0.2260333 -0.7437444 0
-0.0001948999 0.9255973 0.0005993301 1

0.7662486 -0.02223599 0.6421592 0
-0.04646397 0.9948671 0.0898917 0
0.6408619 0.09871668 -0.7612825 0
-0.001937142 1.019008 0.006309112 1

-0.9823976 0.06129699 0.176459 0
-0.1257163 -0.915643 -0.3818294 0
-0.1381685 0.397292 -0.9072313 0
-0.06994656 0.8961199 -0.06735797 1

-0.8090891 -0.08682824 -0.5812363 0
0.1477586 -0.9873101 -0.05819237 0
0.5688077 0.1329655 -0.8116514 0
0.07783272 0.8913249 0.05618247 1

0.7667187 -0.009046106 0.6419194 0
0.07420385 0.9944477 -0.07461623 0
0.6376803 -0.1048426 -0.7631329 0
-0.009489801 1.180722 0.02092089 1

-0.9815567 0.04597931 0.1855598 0
-0.0397369 -0.9985169 0.03722268 0
-0.1869962 -0.02916266 -0.9819278 0
-0.1225394 0.5130649 -0.2270945 1

-0.8005846 -0.07257687 -0.5948082 0
-0.2112217 -0.8947445 0.393469 0
0.5607581 -0.4406417 -0.7009888 0
0.1396468 0.4782885 0.03183797 1

0.768634 0.003647227 0.6396784 0
0.2961146 0.8843653 -0.360852 0
0.5670255 -0.4667813 -0.6786733 0
0.0006766714 1.316969 0.01069792 1

-0.9838444 -0.01627944 0.1782843 0
-0.08964109 -0.8172296 -0.5692983 0
-0.154967 0.5760825 -0.8025673 0
-0.1380142 0.1242102 -0.2125988 1

-0.6130534 0.01656862 -0.7898676 0
0.4463809 -0.8176389 -0.3636084 0
0.6518511 0.5754932 -0.4938604 0
0.05739012 0.1298454 0.1850678 1

0.8311054 -0.07067189 0.5516062 0
0.3120386 0.8802966 -0.3573651 0
0.4603214 -0.4691305 -0.7536715 0
0.01708045 1.460021 -0.009828409 1

0.5886003 0.1721722 -0.7898775 0
-0.7927448 -0.06857342 -0.6056842 0
0.1584465 -0.9826771 -0.09612628 0
-0.03789337 1.424542 -0.03962168 1

-0.8105707 -0.2457802 0.5315704 0
0.5439161 0.02053008 0.8388884 0
0.2170953 -0.9691082 -0.1170427 0
0.05656039 1.424991 0.03898431 1

-0.9560173 0.0001916345 0.293311 0
-0.2933105 0.001332337 -0.9560164 0
0.0005739741 0.9999993 0.001217575 0
-0.1516397 -8.702278E-06 -0.2991322 1

-0.5155218 4.271232E-05 -0.8568765 0
0.8568762 0.0009393189 -0.5155216 0
-0.0007829126 0.9999998 0.0005208701 0
0.12524 0.005564213 0.1297994 1

0.8311054 -0.07067189 0.5516062 0
0.3120386 0.8802966 -0.3573651 0
0.4603214 -0.4691305 -0.7536715 0
0.03488971 1.493878 -0.0323239 1

0.5426759 0.7685199 -0.3389398 0
0.1520686 -0.4867541 -0.8602011 0
0.8260618 -0.4152682 0.3810174 0
-0.136717 1.415993 -0.1151263 1

0.372532 -0.3348534 0.8655018 0
0.5879355 -0.6364295 -0.4992888 0
-0.7180193 -0.6948602 0.04021809 0
0.1243647 1.427551 0.1435598 1

-0.9560173 0.0001916345 0.293311 0
-0.2933105 0.001332337 -0.9560164 0
0.0005739741 0.9999993 0.001217575 0
-0.2059021 0.0002377629 -0.4759952 1

-0.5155218 4.271232E-05 -0.8568765 0
0.8568762 0.0009393189 -0.5155216 0
-0.0007829126 0.9999998 0.0005208701 0
0.2837621 0.00573802 0.03442783 1

0.8819613 -0.3851251 0.2717033 0
0.4453056 0.869763 -0.2126393 0
0.1544247 -0.3085306 -0.9385958 0
0.05140625 1.525296 -0.05318401 1

0.08992648 0.7645268 0.6382882 0
0.5563592 0.4930019 -0.6688901 0
0.8260615 -0.4152683 0.3810177 0
-0.09461372 1.281226 -0.3532901 1

0.5268493 -0.5803514 -0.620985 0
-0.4548383 0.4246904 -0.7827902 0
-0.7180194 -0.69486 0.04021826 0
0.2871464 1.251342 0.005321717 1

0.8819613 -0.3851251 0.2717033 0
0.4453056 0.869763 -0.2126393 0
0.1544247 -0.3085306 -0.9385958 0
0.2371494 1.829785 -0.2248648 1

0.1544266 -0.3085314 -0.9385951 0
-0.881961 0.3851244 -0.2717052 0
-0.4453056 -0.869763 0.2126393 0
0.100078 1.64353 -0.2309228 1

-0.154409 0.308526 0.9385998 0
0.881964 -0.3851303 0.2716876 0
-0.4453059 -0.8697624 0.2126413 0
0.1898627 1.604324 -0.2032631 1

-0.7571822 -0.006540321 -0.6531711 0
0.6524613 -0.05523296 -0.7558065 0
0.03113345 0.9984522 -0.04608889 0
0.06058151 1.418747 -0.5398756 1

-0.09922932 -0.9897742 -0.1024727 0
-0.02086696 0.1050281 -0.9942503 0
-0.994846 0.09652078 0.03107536 0
0.1602702 1.369809 -0.2130361 1

-0.9284537 0.1430008 -0.3428188 0
0.3713239 0.3811952 -0.8466458 0
-0.009609818 0.9133681 0.4070215 0
0.05918027 1.431532 -0.5740519 1

-0.7069039 -0.01433164 -0.7071646 0
0.5819045 0.5565736 -0.5929698 0
-0.4020873 0.8306748 0.3851043 0
0.1125947 1.415447 -0.6338534 1

-0.6872818 -0.004547976 -0.7263767 0
0.469433 0.7603266 -0.4489279 0
-0.5543252 0.6495252 0.5204237 0
0.1295155 1.413304 -0.6187716 1

-0.6852 -0.01285734 -0.7282416 0
0.3768314 0.8493688 -0.3695554 0
-0.623297 0.5276435 0.5771424 0
0.1454209 1.414058 -0.6017878 1

-0.6955538 -0.1260556 -0.7073295 0
0.1607247 0.9322399 -0.3241865 0
-0.700266 0.3391742 0.6281627 0
0.1586618 1.416069 -0.5849409 1

-0.04464248 -0.8557521 -0.515457 0
-0.6217945 0.4276464 -0.6561179 0
-0.7819073 -0.2912173 0.5511929 0
0.1478508 1.396794 -0.2342748 1

-0.1157468 -0.9853476 -0.1252721 0
-0.2346833 0.1496782 -0.9604794 0
-0.9651563 0.08177339 0.2485695 0
0.157615 1.402906 -0.3152402 1

-0.03615234 -0.9990153 0.0257252 0
-0.80183 0.01363348 -0.5973967 0
-0.5964575 0.04222443 0.8015332 0
0.1576707 1.38024 -0.3173943 1

-0.1552926 -0.9865557 -0.05091379 0
-0.8453932 0.1593827 -0.5098115 0
-0.5110722 0.03612783 0.8587784 0
0.1549589 1.357118 -0.3172644 1

-0.1679876 -0.9851931 -0.03427675 0
-0.9048339 0.1678982 -0.3912622 0
-0.3912238 0.03471248 0.9196408 0
0.151327 1.336007 -0.315189 1

-0.02086699 0.1050283 -0.9942505 0
0.0992294 0.9897743 0.1024728 0
-0.994846 0.09652078 0.03107536 0
0.1307048 1.398988 -0.3491371 1

-0.8348558 0.4796203 -0.2701489 0
0.481422 0.3981922 -0.7808174 0
0.2669247 0.7819254 0.5633328 0
0.07594163 1.448739 -0.6122689 1

-0.6724577 0.0769785 -0.7361217 0
0.003371775 0.9948849 0.100958 0
-0.7401279 -0.06540814 0.6692776 0
0.1448862 1.446333 -0.6667591 1

-0.6725619 0.1026709 -0.7328842 0
-0.2406436 0.9061667 0.3477829 0
-0.6998222 -0.4102695 0.5847459 0
0.156768 1.457444 -0.6448337 1

-0.6876132 0.1043875 -0.7185344 0
-0.4099739 0.7609426 0.5028798 0
-0.5992576 -0.6403672 0.480438 0
0.1658411 1.460085 -0.6218137 1

-0.7172267 -0.01789053 -0.6966103 0
-0.4919749 0.7209702 0.488019 0
-0.4935042 -0.6927353 0.5259008 0
0.1645838 1.450417 -0.5968855 1

0.513334 -0.8028885 -0.3030821 0
-0.4268031 0.06754705 -0.9018187 0
-0.7445319 -0.5922903 0.3080011 0
0.1197824 1.416098 -0.2638926 1

-0.09282582 -0.9919436 -0.08620697 0
-0.7256719 0.1266818 -0.6762782 0
-0.6817505 0.0002181586 0.731585 0
0.1445917 1.411212 -0.3685401 1

0.08833849 -0.995961 -0.01608056 0
-0.2775598 -0.04011649 0.9598706 0
0.9566384 0.08033001 0.2799825 0
0.1111213 1.381032 -0.3520755 1

-0.0411484 -0.995102 -0.08988297 0
-0.3723899 -0.06820343 0.9255672 0
0.9271641 -0.07155726 0.3677593 0
0.1091474 1.365755 -0.3448909 1

-0.06365654 -0.9956264 -0.06838119 0
-0.5165195 -0.02575937 0.8558878 0
0.853906 -0.08980332 0.5126207 0
0.1179886 1.342193 -0.3296049 1

-0.895194 0.4303219 -0.1159793 0
0.3112976 0.4175058 -0.8536878 0
0.3189386 0.8003202 0.5077068 0
0.1008729 1.46936 -0.6527049 1

-0.6782884 0.1177771 -0.7252955 0
-0.2714778 0.8770644 0.3963052 0
-0.6828064 -0.465711 0.5629288 0
0.1450006 1.48007 -0.6633354 1

-0.6830862 0.1286892 -0.7189107 0
-0.4223718 0.7334339 0.5326132 0
-0.595815 -0.6674684 0.4466441 0
0.1479076 1.490809 -0.6320284 1

-0.7107556 0.131064 -0.6911216 0
-0.5990655 0.4021969 0.6923571 0
-0.36871 -0.9061238 0.2073477 0
0.1505577 1.488452 -0.6030669 1

-0.7312286 -0.002176369 -0.682129 0
-0.5785545 0.531723 0.6185025 0
-0.3613576 -0.8469157 0.3900703 0
0.1507338 1.470713 -0.5831469 1

0.5579547 -0.5722132 0.6010482 0
0.4005819 -0.448595 -0.7989348 0
-0.7267882 -0.6865383 0.02107757 0
0.09768059 1.419596 -0.310593 1

-0.05636543 -0.9961743 -0.06678239 0
-0.9713449 0.07018373 -0.2270762 0
-0.2308944 -0.0520694 0.9715846 0
0.1199835 1.415508 -0.3914734 1

0.0913838 -0.994928 -0.04204759 0
0.04766762 -0.03780542 0.9981477 0
0.9946743 0.09321866 -0.04397109 0
0.1009016 1.379554 -0.3167333 1

-0.04491638 -0.9866234 -0.156707 0
0.4734224 -0.1591548 0.866338 0
0.8796899 0.03527573 -0.4742382 0
0.09526484 1.363212 -0.3103861 1

-0.06198391 -0.9865964 -0.1509482 0
0.4721101 -0.1622319 0.8664832 0
0.8793579 0.01755595 -0.4758379 0
0.1034477 1.341468 -0.3055103 1

-0.895194 0.4303219 -0.1159793 0
0.3112976 0.4175058 -0.8536878 0
0.3189386 0.8003202 0.5077068 0
0.1106273 1.482442 -0.6794548 1

-0.6782884 0.1177771 -0.7252955 0
-0.2714778 0.8770644 0.3963052 0
-0.6828064 -0.465711 0.5629288 0
0.1379686 1.502789 -0.65307 1

-0.6830862 0.1286892 -0.7189107 0
-0.4223718 0.7334339 0.5326132 0
-0.595815 -0.6674684 0.4466441 0
0.139481 1.505442 -0.6214025 1

-0.7107556 0.131064 -0.6911216 0
-0.5990655 0.4021969 0.6923571 0
-0.36871 -0.9061238 0.2073477 0
0.1404906 1.495211 -0.5914321 1

-0.7312286 -0.002176369 -0.682129 0
-0.5785545 0.531723 0.6185025 0
-0.3613576 -0.8469157 0.3900703 0
0.138276 1.482163 -0.5698289 1

0.5579547 -0.5722132 0.6010482 0
0.4005819 -0.448595 -0.7989348 0
-0.7267882 -0.6865383 0.02107757 0
0.1102342 1.405538 -0.3356305 1

-0.05636543 -0.9961743 -0.06678239 0
-0.9713449 0.07018373 -0.2270762 0
-0.2308944 -0.0520694 0.9715846 0
0.09482331 1.417326 -0.3973552 1

0.0913838 -0.994928 -0.04204759 0
0.04766762 -0.03780542 0.9981477 0
0.9946743 0.09321866 -0.04397109 0
0.1018526 1.3788 -0.2968192 1

-0.04491638 -0.9866234 -0.156707 0
0.4734224 -0.1591548 0.866338 0
0.8796899 0.03527573 -0.4742382 0
0.1032205 1.360538 -0.2958276 1

-0.06198391 -0.9865964 -0.1509482 0
0.4721101 -0.1622319 0.8664832 0
0.8793579 0.01755595 -0.4758379 0
0.1136135 1.337974 -0.2868525 1

0.7669846 -0.02488918 0.6411826 0
-0.1264175 0.9738016 0.1890216 0
0.6290892 0.2260333 -0.7437444 0
-0.0002309787 0.9255805 0.0006579601 1

0.7662511 -0.02233131 0.642153 0
-0.04644982 0.9948559 0.09002315 0
0.6408601 0.09880821 -0.7612722 0
-0.001973221 1.018991 0.006367742 1

-0.9823165 0.06166978 0.1767808 0
-0.1261892 -0.9155941 -0.3817912 0
-0.1383145 0.3973475 -0.9071847 0
-0.06998263 0.8961031 -0.06729934 1

-0.8090891 -0.08682824 -0.5812363 0
0.1477586 -0.9873101 -0.05819237 0
0.5688077 0.1329655 -0.8116514 0
0.07779665 0.8913082 0.0562411 1

0.7667258 -0.009148872 0.6419094 0
0.07455654 0.9944015 -0.07488095 0
0.6376305 -0.1052717 -0.7631154 0
-0.009523573 1.180704 0.02100088 1

-0.9814993 0.04550053 0.1859817 0
-0.03926717 -0.9985413 0.03706475 0
-0.187397 -0.02907622 -0.9818539 0
-0.1227733 0.5130687 -0.2270199 1

-0.7999281 -0.07299157 -0.5956402 0
-0.2114149 -0.8946593 0.3935586 0
0.5616215 -0.4407459 -0.7002316 0
0.1396108 0.4782717 0.03189661 1

0.7686446 0.003536172 0.6396663 0
0.296389 0.8841969 -0.3610391 0
0.5668677 -0.4671008 -0.6785851 0
0.0006912104 1.316944 0.01074165 1

-0.9838365 -0.01613555 0.1783416 0
-0.0897928 -0.8172203 -0.569288 0
-0.1549303 0.5761 -0.8025619 0
-0.1380652 0.1242043 -0.2125857 1

-0.6130727 0.01650444 -0.7898542 0
0.4462939 -0.8177374 -0.3634936 0
0.6518924 0.5753549 -0.4939665 0
0.05727881 0.1298619 0.1851614 1

0.8310648 -0.07079521 0.5516514 0
0.3123453 0.8800907 -0.3576046 0
0.4601865 -0.4694985 -0.7535249 0
0.01713995 1.459987 -0.009814474 1

0.5893241 0.1717238 -0.7894352 0
-0.792399 -0.06761356 -0.6062444 0
0.1574831 -0.9828222 -0.09622739 0
-0.03784554 1.424518 -0.03959959 1

-0.8106406 -0.2454139 0.5316332 0
0.5439349 0.02053127 0.8388762 0
0.216787 -0.9692009 -0.1168457 0
0.05660953 1.424955 0.03900491 1

-0.9560001 0.0003322186 0.2933666 0
-0.2933661 0.001368912 -0.9559994 0
0.0007191431 0.9999993 0.001211413 0
-0.1517137 -1.311302E-05 -0.2991175 1

-0.5155444 -4.107691E-05 -0.8568629 0
0.8568627 0.0007783547 -0.5155444 0
-0.0006882586 0.9999999 0.0003662035 0
0.1251154 0.005565703 0.1299103 1

0.8310648 -0.07079521 0.5516514 0
0.3123453 0.8800907 -0.3576046 0
0.4601865 -0.4694985 -0.7535249 0
0.03496127 1.493831 -0.032319 1

0.5434113 0.7678618 -0.339253 0
0.1511658 -0.4870302 -0.8602037 0
0.825744 -0.4161609 0.3807322 0
-0.136626 1.41609 -0.115174 1

0.3718489 -0.3346536 0.8658729 0
0.5880663 -0.6367993 -0.4986632 0
-0.7182664 -0.6946179 0.03999448 0
