MeshAnim
1
30
69
60
0.6455374 -0.1605848 0.7466552 0
0.08558624 0.9866972 0.1382157 0
0.758918 0.02532002 -0.6506938 0
-1.773715E-05 0.8801687 -0.002358547 1

0.647371 -0.196066 0.7365249 0
0.2785911 0.9603493 0.01078044 0
0.7094349 -0.1982103 -0.6763245 0
0.01984775 0.9716039 0.0001312373 1

-0.517585 0.003859892 -0.855623 0
0.631164 -0.6734449 -0.3848429 0
0.5777005 0.7392273 -0.3461289 0
-0.06500889 0.8633419 -0.07881384 1

-0.145057 0.132731 -0.9804801 0
0.3715525 -0.9111278 -0.1783118 0
0.91701 0.3901651 -0.08284894 0
0.05937059 0.8324017 0.06504858 1

0.6984407 -0.1420826 0.7014222 0
0.2805716 0.9559969 -0.08572882 0
0.658377 -0.2566757 -0.7075715 0
0.06513237 1.127707 0.001883585 1

-0.3013439 0.1231304 -0.945532 0
-0.5818895 -0.8093179 0.08005781 0
0.7553785 -0.57432 -0.3155313 0
0.1990356 0.5816094 -0.239811 1

-0.2163011 0.1468431 -0.9652208 0
-0.6102452 -0.792046 0.01625553 0
0.7621121 -0.5925375 -0.2609307 0
0.2148078 0.4512357 -0.009547299 1

0.7494583 -0.08802729 0.6561734 0
0.3756554 0.8726655 -0.3119901 0
0.5451564 -0.4803187 -0.6870944 0
0.1035727 1.258686 -0.00986189 1

-0.2465847 -0.02630204 -0.9687642 0
-0.2348552 -0.9682125 0.08606602 0
0.9402335 -0.2487419 -0.2325693 0
-0.02757091 0.2664348 -0.208634 1

-0.04933441 -0.05631837 -0.9971933 0
0.3925053 -0.9191756 0.03249365 0
0.9184258 0.3898005 -0.06745219 0
-0.02284185 0.1427868 -0.003216854 1

0.7918501 -0.1643838 0.5881764 0
0.4217548 0.8437454 -0.3319896 0
0.4416974 -0.5109521 -0.7374494 0
0.131967 1.400704 -0.02324078 1

0.7462837 -0.6042832 -0.2791104 0
-0.4769297 -0.1929331 -0.857505 0
-0.4643262 -0.773058 0.4321834 0
0.07511327 1.371213 -0.05589798 1

-0.2508628 0.547161 0.7985502 0
0.8370067 -0.2918097 0.4628899 0
-0.4863002 -0.7845137 0.3847732 0
0.1672108 1.360397 0.02473507 1

-0.326822 0.05497874 -0.9434854 0
0.7050194 -0.6506529 -0.2821326 0
0.6293929 0.7573825 -0.1738866 0
-0.06326895 0.1192665 -0.1955519 1

0.05146489 -0.001496434 -0.9986738 0
0.9985566 -0.01531594 0.05148175 0
0.01537252 0.9998818 -0.0007059425 0
0.03681897 0.003072083 0.001722159 1

0.7918501 -0.1643838 0.5881764 0
0.4217548 0.8437454 -0.3319896 0
0.4416974 -0.5109521 -0.7374494 0
0.1543653 1.432586 -0.0444846 1

0.8324159 0.2642738 -0.4870763 0
-0.2240968 -0.6433451 -0.7320434 0
0.5068181 -0.7185169 0.4763077 0
0.01565923 1.347162 -0.1627945 1

0.3129937 -0.02465056 0.9494352 0
0.5075749 -0.8405883 -0.1891532 0
-0.802747 -0.5411133 0.2505867 0
0.2715517 1.32402 0.08243874 1

-0.326822 0.05497874 -0.9434854 0
0.7050194 -0.6506529 -0.2821326 0
0.6293929 0.7573825 -0.1738866 0
0.06715964 -0.001104236 -0.2477464 1

0.05146489 -0.001496434 -0.9986738 0
0.9985566 -0.01531594 0.05148175 0
0.01537252 0.9998818 -0.0007059425 0
0.221552 0.0002387166 0.01124632 1

0.9894004 -0.1409484 0.03493783 0
0.1442636 0.9265684 -0.34736 0
-0.0165875 -0.3487182 -0.9370807 0
0.1751398 1.462174 -0.06418366 1

-0.5044395 0.4457935 -0.7394652 0
0.8595493 0.1779801 -0.4790598 0
0.08195174 0.8772635 0.4729615 0
-0.04638647 1.169039 -0.3654754 1

-0.04121579 -0.9246014 -0.3786996 0
-0.3028575 0.3727509 -0.8771167 0
-0.9521442 -0.07854097 0.295386 0
0.412084 1.091287 0.03006787 1

0.9894004 -0.1409484 0.03493783 0
0.1442636 0.9265684 -0.34736 0
-0.0165875 -0.3487182 -0.9370807 0
0.2288609 1.784603 -0.2874365 1

-0.01658535 -0.3487185 -0.9370806 0
-0.9894006 0.1409477 -0.03493991 0
-0.1442636 -0.9265684 0.34736 0
0.1459065 1.571659 -0.2515278 1

0.0166043 0.3487179 0.9370807 0
0.9894 -0.1409542 0.0349223 0
-0.1442636 -0.9265677 0.347362 0
0.2466286 1.55731 -0.247971 1

-0.5183377 -0.375688 -0.7682346 0
0.7932045 0.1245342 -0.5960856 0
-0.3196139 0.9183407 -0.2334466 0
0.193383 1.218686 -0.4991081 1

-0.109174 -0.9429821 -0.3144292 0
-0.08694726 0.3241664 -0.9419958 0
-0.9902127 0.0755026 0.1173803 0
0.3276024 1.195265 -0.214602 1

-0.7727998 -0.3811697 -0.507435 0
0.3355826 0.4332085 -0.8364894 0
-0.5386697 0.816725 0.2068696 0
0.19594 1.226076 -0.534777 1

-0.577558 -0.2215558 -0.7857096 0
0.6486183 0.4598861 -0.6064646 0
-0.4957028 0.8598943 0.1219059 0
0.2645237 1.225945 -0.5793229 1

-0.5871858 -0.2122652 -0.7811249 0
0.6469176 0.4569643 -0.6104763 0
-0.4865294 0.8637864 0.1310048 0
0.2768104 1.232305 -0.5612411 1

-0.5224881 -0.3536961 -0.7758254 0
0.660008 0.4082885 -0.6306267 0
-0.5398111 0.8415459 -0.02011654 0
0.2866734 1.241115 -0.5420811 1

-0.4403175 -0.4966891 -0.7479442 0
0.7585948 0.2397985 -0.6058308 0
-0.4802654 0.8341444 -0.2711983 0
0.2937202 1.250006 -0.5237924 1

0.14676 -0.6865547 -0.7121126 0
-0.4966484 0.5714459 -0.6532913 0
-0.8554543 -0.4495466 0.257111 0
0.3138812 1.226164 -0.228403 1

-0.09269542 -0.9728393 -0.212111 0
-0.1898473 0.2263883 -0.9553566 0
-0.9774281 0.04828844 0.2056761 0
0.3182304 1.250317 -0.3064146 1

-0.02271303 -0.9934838 -0.1116872 0
-0.1179363 0.1135984 -0.9865019 0
-0.9927614 0.009234287 0.119748 0
0.3180659 1.228707 -0.3135813 1

-0.2858215 -0.956129 -0.06421576 0
-0.3070465 0.1548532 -0.9390117 0
-0.9077602 0.2486725 0.3378364 0
0.3152915 1.20611 -0.3184465 1

-0.3827333 -0.9203153 -0.08084074 0
-0.2155028 0.1740246 -0.9608715 0
-0.898373 0.350336 0.2649356 0
0.3117358 1.185027 -0.3209093 1

-0.08694723 0.3241665 -0.941996 0
0.1091739 0.9429821 0.3144293 0
-0.9902127 0.0755026 0.1173803 0
0.2891009 1.253754 -0.3384798 1

-0.6706442 -0.2620286 -0.6939576 0
0.4961604 0.5369899 -0.6822515 0
-0.5514179 0.8018621 0.2301208 0
0.211088 1.245631 -0.5725356 1

-0.5514628 -0.1883904 -0.8126486 0
0.3615247 0.8239571 -0.4363424 0
-0.7517905 0.5344192 0.3862738 0
0.3005173 1.251466 -0.6129774 1

-0.5534235 -0.1522225 -0.8188716 0
0.1446069 0.9506653 -0.2744528 0
-0.820251 0.270303 0.504108 0
0.3143666 1.258834 -0.5966817 1

-0.4920473 -0.2595915 -0.8309643 0
-0.217093 0.9609413 -0.1716467 0
-0.8430661 -0.09593824 0.529184 0
0.3224387 1.26324 -0.5762543 1

-0.3953876 -0.4422554 -0.8050334 0
0.1325281 0.8398123 -0.5264521 0
-0.9089033 0.3148422 0.2734399 0
0.3216705 1.258842 -0.5461142 1

0.3019092 -0.8624653 -0.4062074 0
-0.4230005 0.2606604 -0.8678287 0
-0.8543546 -0.4338314 0.2861275 0
0.2914621 1.25196 -0.2578931 1

-0.08801396 -0.9764523 -0.1969628 0
-0.3830022 0.2157027 -0.8982103 0
-0.9195449 0.003617723 0.3929682 0
0.3076951 1.26288 -0.3594302 1

0.08362079 -0.9954475 -0.04573737 0
-0.9389211 -0.09408176 0.3310228 0
0.3338189 -0.01526327 0.9425136 0
0.3112192 1.235302 -0.3708514 1

-0.1602405 -0.9865122 -0.03341685 0
-0.7205952 0.09377637 0.6869852 0
0.6745856 -0.1341628 0.7259029 0
0.2986528 1.214501 -0.3693311 1

-0.2817852 -0.9591811 -0.02384713 0
-0.9092441 0.2590131 0.3258646 0
0.3063862 -0.1135065 0.9451157 0
0.3037957 1.191439 -0.3563125 1

-0.7647073 -0.5226938 -0.3768474 0
0.3692016 0.1239067 -0.9210523 0
-0.5281224 0.8434681 -0.0982272 0
0.2367827 1.27344 -0.6078672 1

-0.5424672 -0.1414452 -0.8280836 0
-0.01501466 0.9871986 -0.1587878 0
-0.8399431 0.07370365 0.5376466 0
0.3127771 1.279407 -0.6277743 1

-0.5647651 -0.07778607 -0.8215777 0
-0.4237189 0.881636 0.2077983 0
-0.7081689 -0.4654752 0.5308765 0
0.319691 1.293837 -0.6067871 1

-0.5957378 -0.1038003 -0.7964434 0
-0.5409041 0.78488 0.3023015 0
-0.5937336 -0.6108919 0.5237287 0
0.3143457 1.299063 -0.5826533 1

-0.4021757 -0.390279 -0.8282131 0
-0.3446821 0.9025835 -0.2579488 0
-0.8482037 -0.1817295 0.4975192 0
0.3254013 1.282484 -0.5609346 1

0.3663541 -0.9288641 0.05473313 0
-0.03358689 -0.0719858 -0.99684 0
-0.9298692 -0.3633581 0.05757007 0
0.2695571 1.265458 -0.3028334 1

-0.0584401 -0.9850741 -0.1619066 0
-0.8306089 0.1379481 -0.5394989 0
-0.5537812 -0.1029526 0.8262733 0
0.2947071 1.270195 -0.3898894 1

0.1362515 -0.9831856 -0.1215804 0
0.02035469 -0.1199206 0.9925749 0
0.9904653 0.1377147 -0.003673196 0
0.2766484 1.231838 -0.3586633 1

-0.1464161 -0.9802743 -0.132759 0
0.5080748 -0.1896716 0.8401696 0
0.8487771 -0.05556282 -0.5258235 0
0.2717893 1.217997 -0.3437206 1

-0.2266115 -0.9675416 -0.1118496 0
0.07836971 -0.1325779 0.9880695 0
0.9708273 -0.2151423 -0.1058696 0
0.2781989 1.198731 -0.3471389 1

-0.7647073 -0.5226938 -0.3768474 0
0.3692016 0.1239067 -0.9210523 0
-0.5281224 0.8434681 -0.0982272 0
0.2483513 1.277322 -0.6367279 1

-0.5424672 -0.1414452 -0.8280836 0
-0.01501466 0.9871986 -0.1587878 0
-0.8399431 0.07370365 0.5376466 0
0.3123881 1.304978 -0.6318873 1

-0.5647651 -0.07778607 -0.8215777 0
-0.4237189 0.881636 0.2077983 0
-0.7081689 -0.4654752 0.5308765 0
0.3112377 1.311426 -0.6026414 1

-0.5957378 -0.1038003 -0.7964434 0
-0.5409041 0.78488 0.3023015 0
-0.5937336 -0.6108919 0.5237287 0
0.3052561 1.312253 -0.5775732 1

-0.4021757 -0.390279 -0.8282131 0
-0.3446821 0.9025835 -0.2579488 0
-0.8482037 -0.1817295 0.4975192 0
0.3179794 1.301919 -0.566489 1

0.3663541 -0.9288641 0.05473313 0
-0.03358689 -0.0719858 -0.99684 0
-0.9298692 -0.3633581 0.05757007 0
0.2685045 1.263202 -0.3340729 1

-0.0584401 -0.9850741 -0.1619066 0
-0.8306089 0.1379481 -0.5394989 0
-0.5537812 -0.1029526 0.8262733 0
0.2731923 1.273768 -0.4038637 1

0.1362515 -0.9831856 -0.1215804 0
0.02035469 -0.1199206 0.9925749 0
0.9904653 0.1377147 -0.003673196 0
0.2770544 1.229445 -0.3388605 1

-0.1464161 -0.9802743 -0.132759 0
0.5080748 -0.1896716 0.8401696 0
0.8487771 -0.05556282 -0.5258235 0
0.2803272 1.21481 -0.3296019 1

-0.2266115 -0.9675416 -0.1118496 0
0.07836971 -0.1325779 0.9880695 0
0.9708273 -0.2151423 -0.1058696 0
0.2798864 1.195876 -0.3258631 1

0.6224784 -0.1482163 0.7684743 0
0.07795841 0.9887629 0.1275559 0
0.7787446 0.01949174 -0.6270381 0
-0.006531693 0.8784246 -0.003956469 1

0.6178563 -0.2016047 0.7600061 0
0.2890331 0.957132 0.01892276 0
0.7312411 -0.2079754 -0.6496404 0
0.01294272 0.9699585 -0.002077121 1

-0.4994735 0.05626437 -0.8645005 0
0.5925058 -0.7058251 -0.3882631 0
0.632031 0.7061485 -0.3192036 0
-0.06905171 0.8603386 -0.08216484 1

-0.116745 0.1164957 -0.9863061 0
0.4899457 -0.8570883 -0.1592261 0
0.8639004 0.5018253 -0.04298407 0
0.05088485 0.8317815 0.06590158 1

0.6704258 -0.1392333 0.7287959 0
0.2896152 0.9534261 -0.08427159 0
0.6831197 -0.2675682 -0.6795254 0
0.05992468 1.125539 0.0009987485 1

-0.2762185 0.1493239 -0.9494241 0
-0.6969455 -0.7113418 0.09088531 0
0.6617935 -0.6868013 -0.3005562 0
0.1788203 0.56506 -0.2445929 1

-0.2277256 0.1480947 -0.9623978 0
-0.529289 -0.848425 -0.005314514 0
0.8173091 -0.5081764 -0.2715928 0
0.2558513 0.4732227 -0.0007099081 1

0.722176 -0.07775459 0.6873255 0
0.38954 0.8668301 -0.3112302 0
0.5715948 -0.4925036 -0.6562923 0
0.09960409 1.256165 -0.01054708 1

-0.2406092 0.009436861 -0.9705763 0
-0.3329621 -0.9400792 0.07340197 0
0.9117258 -0.3408265 -0.2293335 0
-0.0925928 0.2880405 -0.2091992 1

-0.04825374 -0.05651917 -0.9972348 0
0.3867999 -0.9215546 0.0335137 0
0.9209003 0.384113 -0.0663299 0
0.04972864 0.142818 -0.002779553 1

0.76704 -0.1573224 0.6220124 0
0.4372232 0.8376838 -0.3272945 0
0.469559 -0.5230061 -0.7113219 0
0.128774 1.397904 -0.02516167 1

0.7438824 -0.6095079 -0.2741155 0
-0.4727816 -0.1900441 -0.8604424 0
-0.4723525 -0.7696646 0.4295345 0
0.07323246 1.367929 -0.05958819 1

-0.2754202 0.560855 0.7807597 0
0.819443 -0.2876922 0.4957282 0
-0.50265 -0.7763215 0.3803524 0
0.1619774 1.358375 0.02487296 1

-0.355014 0.07068592 -0.9321851 0
0.5425007 -0.7964943 -0.267003 0
0.7613531 0.6005008 -0.2444191 0
-0.143203 0.1451485 -0.1980421 1

0.05178842 -0.002487563 -0.9986551 0
0.9984301 -0.02123777 0.05182981 0
0.02133805 0.9997715 -0.001383789 0
0.1085222 0.002741575 0.002314521 1

0.76704 -0.1573224 0.6220124 0
0.4372232 0.8376838 -0.3272945 0
0.469559 -0.5230061 -0.7113219 0
0.1521019 1.429412 -0.04595956 1

0.8266941 0.2889695 -0.4827774 0
-0.2039298 -0.6458117 -0.7357582 0
0.5243949 -0.7066993 0.4749592 0
0.01429551 1.344238 -0.1668509 1

0.2917006 -0.04826297 0.9552914 0
0.5120159 -0.83571 -0.1985667 0
-0.8079299 -0.5470464 0.2190657 0
0.2641288 1.322512 0.08667025 1

-0.355014 0.07068592 -0.9321851 0
0.5425007 -0.7964943 -0.267003 0
0.7613531 0.6005008 -0.2444191 0
-0.04284042 -0.002202988 -0.2474377 1

0.05178842 -0.002487563 -0.9986551 0
0.9984301 -0.02123777 0.05182981 0
0.02133805 0.9997715 -0.001383789 0
0.2932318 -0.001187265 0.01190305 1

0.9883286 -0.1429919 0.05253395 0
0.1523311 0.9247005 -0.3488899 0
-0.001310408 -0.3528205 -0.9356902 0
0.1737384 1.458652 -0.06524526 1

-0.5033526 0.4454699 -0.7404008 0
0.8620141 0.1996399 -0.4659144 0
0.05973733 0.8727547 0.4844905 0
-0.04216651 1.165432 -0.3705603 1

-0.03727404 -0.9219625 -0.3854817 0
-0.2576658 0.3815731 -0.8876995 0
-0.965515 -0.06623714 0.2517808 0
0.4058907 1.091129 0.03169309 1

0.9883286 -0.1429919 0.05253395 0
0.1523311 0.9247005 -0.3488899 0
-0.001310408 -0.3528205 -0.9356902 0
0.2320228 1.77997 -0.2889541 1

-0.001308292 -0.3528207 -0.9356899 0
-0.9883286 0.1429912 -0.05253589 0
-0.1523311 -0.9247005 0.3488899 0
0.1479753 1.567372 -0.2535417 1

0.001327187 0.3528201 0.9356903 0
0.9883286 -0.1429978 0.05251825 0
-0.1523311 -0.9246997 0.3488919 0
0.2485882 1.552815 -0.2481936 1

-0.5218504 -0.3745506 -0.76641 0
0.791335 0.122928 -0.5988975 0
-0.3185305 0.9190215 -0.232245 0
0.1982905 1.221121 -0.5005261 1

-0.112191 -0.9415174 -0.3177395 0
-0.08719033 0.3278522 -0.9406971 0
-0.9898541 0.07783408 0.1188732 0
0.3340153 1.197568 -0.215929 1

-0.7753933 -0.3795224 -0.5047064 0
0.3335039 0.4325723 -0.8376497 0
-0.5362285 0.8178291 0.2088415 0
0.2007359 1.228508 -0.5362036 1

-0.5808117 -0.2202941 -0.7836637 0
0.6474112 0.4585807 -0.6087389 0
-0.4934746 0.8609149 0.1237283 0
0.2691602 1.228238 -0.5809933 1

-0.5904037 -0.210984 -0.7790444 0
0.6456902 0.455663 -0.6127447 0
-0.4842607 0.8647872 0.1327949 0
0.2815243 1.234571 -0.5629547 1

-0.525982 -0.3525497 -0.7739846 0
0.6586074 0.4069613 -0.6329449 0
-0.5381262 0.8426692 -0.01813737 0
0.2914739 1.243359 -0.5438295 1

-0.4440104 -0.4957153 -0.7464057 0
0.756931 0.2382647 -0.6085116 0
-0.4794905 0.8351626 -0.2694301 0
0.2986043 1.252234 -0.5255655 1

0.143973 -0.6843513 -0.7147975 0
-0.4958468 0.5752153 -0.650587 0
-0.8563924 -0.4480968 0.2565179 0
0.3203636 1.228556 -0.2295999 1

-0.09567115 -0.9717946 -0.2155515 0
-0.1903795 0.230411 -0.9542886 0
-0.9770378 0.05026146 0.2070532 0
0.3246851 1.252982 -0.307528 1

-0.02562413 -0.9930015 -0.11529 0
-0.1188218 0.1175357 -0.9859346 0
-0.9925849 0.01156489 0.1210018 0
0.3244516 1.231399 -0.3147734 1

-0.2885692 -0.9550868 -0.06735875 0
-0.3077579 0.1591436 -0.9380611 0
-0.9066492 0.2499654 0.3398593 0
0.3216081 1.208827 -0.3197177 1

-0.3854008 -0.9189423 -0.08373356 0
-0.2161877 0.1781396 -0.9599631 0
-0.8970671 0.3518685 0.2673192 0
0.3179905 1.187764 -0.3222533 1

-0.08719039 0.3278524 -0.9406973 0
0.1121909 0.9415174 0.3177397 0
-0.9898541 0.07783408 0.1188732 0
0.2955262 1.256617 -0.3395445 1

-0.6736547 -0.2605801 -0.6915836 0
0.4948453 0.5360074 -0.6839774 0
-0.5489247 0.8029909 0.2321371 0
0.2157902 1.248034 -0.5740145 1

-0.5547435 -0.1871811 -0.8106932 0
0.3616837 0.8232359 -0.4375707 0
-0.7492965 0.5359537 0.3889843 0
0.3050868 1.253687 -0.6147738 1

-0.5566509 -0.1510089 -0.8169066 0
0.1456075 0.9503831 -0.2749014 0
-0.8178868 0.2719718 0.5070435 0
0.3190094 1.261024 -0.5985271 1

-0.4955418 -0.2585044 -0.8292251 0
-0.2157018 0.9614041 -0.1708075 0
-0.8413749 -0.09422325 0.5321758 0
0.3271633 1.265412 -0.5781283 1

-0.3991709 -0.4413711 -0.8036509 0
0.1324012 0.8395743 -0.5268638 0
-0.907267 0.3167127 0.2766955 0
0.3264931 1.261013 -0.5479859 1

0.2990032 -0.8618122 -0.4097284 0
-0.4233289 0.2650127 -0.8663493 0
-0.8552133 -0.432491 0.2855903 0
0.2979807 1.254522 -0.258968 1

-0.09098127 -0.975476 -0.2004224 0
-0.3834935 0.2200551 -0.8969442 0
-0.9190514 0.004744496 0.3941095 0
0.3141204 1.265768 -0.3604844 1

0.0807841 -0.9955029 -0.04947867 0
-0.9387757 -0.0926734 0.3318312 0
0.3349244 -0.01964269 0.9420405 0
0.3175534 1.238222 -0.3720107 1

-0.1630361 -0.9859328 -0.03682561 0
-0.7194922 0.09327166 0.6882092 0
0.6750932 -0.1386988 0.7245775 0
0.3049308 1.217451 -0.3705509 1

-0.2844922 -0.9582979 -0.02700668 0
-0.908119 0.260354 0.3279271 0
0.3072207 -0.1178179 0.9443171 0
0.3100251 1.194328 -0.357623 1

-0.7671306 -0.5210729 -0.3741583 0
0.3661775 0.1232072 -0.9223528 0
-0.5267119 0.8445731 -0.09628904 0
0.2414165 1.275793 -0.6094354 1

-0.5457051 -0.1402536 -0.8261569 0
-0.01352473 0.9872398 -0.1586663 0
-0.8378686 0.07541134 0.5406387 0
0.317352 1.281603 -0.6296124 1

-0.5678471 -0.07654865 -0.8195673 0
-0.4211404 0.8825005 0.2093657 0
-0.707242 -0.4640403 0.5333629 0
0.3243706 1.296018 -0.6086491 1

-0.5987842 -0.1025003 -0.7943246 0
-0.5381895 0.7859814 0.3042788 0
-0.5931359 -0.6096944 0.5257977 0
0.3191221 1.301253 -0.584496 1

-0.4059331 -0.3893789 -0.8268027 0
-0.3437187 0.9033184 -0.2566589 0
-0.8468037 -0.1800011 0.5005236 0
0.3302205 1.284649 -0.5628181 1

0.3638247 -0.9300764 0.05088696 0
-0.03500375 -0.06824398 -0.9970546 0
-0.9308099 -0.3609715 0.05738494 0
0.2760587 1.268245 -0.3038316 1

-0.06138892 -0.9843085 -0.1654343 0
-0.8308779 0.1422372 -0.5379691 0
-0.5530582 -0.1044303 0.8265719 0
0.3011157 1.27323 -0.3909005 1

0.1333564 -0.9831105 -0.1253411 0
0.0212304 -0.1236078 0.9921043 0
0.9908409 0.1349643 -0.004387826 0
0.282988 1.23481 -0.3597927 1

-0.1493155 -0.9793699 -0.1361612 0
0.5085674 -0.1941607 0.8388453 0
0.8479769 -0.05600557 -0.5270665 0
0.2781084 1.220928 -0.3448947 1

-0.2294495 -0.9664905 -0.1151069 0
0.07920432 -0.1364103 0.9874812 0
0.9700928 -0.2174602 -0.1078494 0
0.28446 1.201657 -0.3483913 1

-0.7671306 -0.5210729 -0.3741583 0
0.3661775 0.1232072 -0.9223528 0
-0.5267119 0.8445731 -0.09628904 0
0.2528904 1.279653 -0.6383368 1

-0.5457051 -0.1402536 -0.8261569 0
-0.01352473 0.9872398 -0.1586663 0
-0.8378686 0.07541134 0.5406387 0
0.3170016 1.307176 -0.6337224 1

-0.5678471 -0.07654865 -0.8195673 0
-0.4211404 0.8825005 0.2093657 0
-0.707242 -0.4640403 0.5333629 0
0.3159687 1.313624 -0.6044721 1

-0.5987842 -0.1025003 -0.7943246 0
-0.5381895 0.7859814 0.3042788 0
-0.5931359 -0.6096944 0.5257977 0
0.3100781 1.314461 -0.5793827 1

-0.4059331 -0.3893789 -0.8268027 0
-0.3437187 0.9033184 -0.2566589 0
-0.8468037 -0.1800011 0.5005236 0
0.3228193 1.3041 -0.5683446 1

0.3638247 -0.9300764 0.05088696 0
-0.03500375 -0.06824398 -0.9970546 0
-0.9308099 -0.3609715 0.05738494 0
0.2749617 1.266107 -0.3350779 1

-0.06138892 -0.9843085 -0.1654343 0
-0.8308779 0.1422372 -0.5379691 0
-0.5530582 -0.1044303 0.8265719 0
0.2795939 1.276915 -0.4048353 1

0.1333564 -0.9831105 -0.1253411 0
0.0212304 -0.1236078 0.9921043 0
0.9908409 0.1349643 -0.004387826 0
0.2834115 1.232344 -0.3399993 1

-0.1493155 -0.9793699 -0.1361612 0
0.5085674 -0.1941607 0.8388453 0
0.8479769 -0.05600557 -0.5270665 0
0.2866546 1.217665 -0.3307983 1

-0.2294495 -0.9664905 -0.1151069 0
0.07920432 -0.1364103 0.9874812 0
0.9700928 -0.2174602 -0.1078494 0
0.2861655 1.19872 -0.3271282 1

0.5975599 -0.1344618 0.7904696 0
0.07061914 0.9908336 0.1151595 0
0.7987084 0.01299242 -0.601578 0
-0.007242521 0.8827042 -0.007481336 1

0.5874137 -0.2049047 0.7829171 0
0.2997229 0.9537058 0.0247248 0
0.7517388 -0.2201345 -0.6216345 0
0.01186961 0.9743266 -0.006344179 1

-0.4751121 0.1051668 -0.8736182 0
0.5436256 -0.7456104 -0.3854046 0
0.6919104 0.6580315 -0.2970769 0
-0.06712171 0.8632253 -0.08740292 1

-0.08119178 0.1054101 -0.9911088 0
0.5721292 -0.8093169 -0.1329444 0
0.8161349 0.5778362 -0.005401641 0
0.04801366 0.8373184 0.06490146 1

0.6425092 -0.1367947 0.753969 0
0.2995999 0.9504595 -0.08286521 0
0.7052814 -0.2791306 -0.6516625 0
0.06058919 1.12935 -0.002325196 1

-0.2508416 0.1768515 -0.9517365 0
-0.7935088 -0.600695 0.09751755 0
0.5544572 -0.7796727 -0.2910125 0
0.1603015 0.5513027 -0.2486352 1

-0.2115453 0.1267329 -0.9691168 0
-0.4039509 -0.9142423 -0.03137988 0
0.8899844 -0.3848375 -0.2445976 0
0.2873612 0.4987445 0.009284825 1

0.6959549 -0.07048241 0.7146181 0
0.4040243 0.8611435 -0.3085386 0
0.5936422 -0.5034521 -0.6277937 0
0.1016366 1.25957 -0.01367834 1

-0.243252 0.04326393 -0.968998 0
-0.4089169 -0.9104632 0.06200173 0
0.8795544 -0.4113218 -0.2391632 0
-0.1487164 0.3173726 -0.2106587 1

-0.04824412 -0.05647151 -0.9972379 0
0.3921289 -0.9193152 0.03308851 0
0.9186445 0.3894494 -0.06649563 0
0.1300493 0.1427084 -0.002935543 1

0.742974 -0.1532028 0.6515507 0
0.4528199 0.8319111 -0.3207459 0
0.4928932 -0.533341 -0.6874616 0
0.1318565 1.400996 -0.02916029 1

0.7379571 -0.6147456 -0.2784013 0
-0.4754885 -0.1809019 -0.8609213 0
-0.4788845 -0.7676995 0.4258022 0
0.07751522 1.370723 -0.0652032 1

-0.2961604 0.5726374 0.7644446 0
0.8017391 -0.2859651 0.5248223 0
-0.5191373 -0.7683167 0.3744144 0
0.163038 1.362063 0.02261181 1

-0.3615209 0.1091769 -0.9259501 0
0.4221105 -0.866348 -0.2669549 0
0.8313398 0.4873628 -0.2671179 0
-0.2108718 0.1789823 -0.2012344 1

0.05077347 -0.002254166 -0.9987076 0
0.9985857 -0.01568698 0.05080262 0
0.0157811 0.9998746 -0.001454435 0
0.1896529 0.002972305 0.002093942 1

0.742974 -0.1532028 0.6515507 0
0.4528199 0.8319111 -0.3207459 0
0.4928932 -0.533341 -0.6874616 0
0.1560776 1.432158 -0.04945279 1

0.8194379 0.3033001 -0.4863444 0
-0.1934418 -0.6523906 -0.7327803 0
0.5395387 -0.6945471 0.4759226 0
0.01824086 1.348171 -0.1725257 1

0.2784273 -0.05879951 0.9586558 0
0.5099248 -0.8367836 -0.1994244 0
-0.8139136 -0.5443673 0.2030002 0
0.2629825 1.326415 0.08803593 1

-0.3615209 0.1091769 -0.9259501 0
0.4221105 -0.866348 -0.2669549 0
0.8313398 0.4873628 -0.2671179 0
-0.1327814 0.01870787 -0.2506211 1

0.05077347 -0.002254166 -0.9987076 0
0.9985857 -0.01568698 0.05080262 0
0.0157811 0.9998746 -0.001454435 0
0.3743913 7.033348E-05 0.01149243 1

0.9863473 -0.1501905 0.06753948 0
0.1643666 0.923076 -0.3477271 0
0.01011881 -0.354081 -0.93516 0
0.1785425 1.461077 -0.06826998 1

-0.5019473 0.4427148 -0.7430028 0
0.863641 0.2102485 -0.4581708 0
0.04662383 0.8716649 0.4878801 0
-0.03531741 1.167544 -0.3754106 1

-0.02734043 -0.9223399 -0.3854111 0
-0.2190046 0.3817154 -0.8979592 0
-0.9753408 -0.059856 0.212433 0
0.4041653 1.094734 0.0328213 1

0.9863473 -0.1501905 0.06753948 0
0.1643666 0.923076 -0.3477271 0
0.01011881 -0.354081 -0.93516 0
0.2425451 1.781651 -0.2914827 1

0.01012084 -0.3540812 -0.9351599 0
-0.9863473 0.1501898 -0.06754148 0
-0.1643666 -0.923076 0.3477271 0
0.1564092 1.569726 -0.2570683 1

-0.01010194 0.3540804 0.9351604 0
0.9863475 -0.1501965 0.0675239 0
-0.1643666 -0.9230751 0.3477291 0
0.2568205 1.554436 -0.2501927 1

-0.5249664 -0.3717128 -0.7656634 0
0.7891339 0.1244583 -0.6014802 0
-0.3188708 0.9199675 -0.2279946 0
0.2055935 1.226192 -0.5032163 1

-0.1140238 -0.9400254 -0.3214826 0
-0.08844101 0.3319129 -0.9391551 0
-0.9895338 0.07865387 0.1209829 0
0.3430744 1.201213 -0.2176626 1

-0.7775197 -0.3774061 -0.5030192 0
0.330583 0.435153 -0.8374709 0
-0.5349567 0.8174395 0.213576 0
0.2079081 1.233697 -0.538878 1

-0.5839025 -0.2173663 -0.7821829 0
0.6453698 0.4602241 -0.6096658 0
-0.4925 0.8607823 0.1284444 0
0.2761621 1.233536 -0.5839273 1

-0.5934715 -0.2080659 -0.7774965 0
0.6436319 0.4573206 -0.6136746 0
-0.4832496 0.8646197 0.1374888 0
0.2885983 1.239802 -0.565915 1

-0.5291138 -0.3496844 -0.7731493 0
0.6564442 0.4086787 -0.6340847 0
-0.5376989 0.8430321 -0.01331082 0
0.2986251 1.248521 -0.5467985 1

-0.4471221 -0.4929875 -0.7463551 0
0.754761 0.2398458 -0.6105823 0
-0.4800192 0.8363241 -0.2648471 0
0.3058298 1.257331 -0.5285323 1

0.1417708 -0.681537 -0.7179196 0
-0.4962435 0.5786012 -0.6472741 0
-0.8565301 -0.4480274 0.2561797 0
0.3294398 1.232276 -0.2311788 1

-0.09736087 -0.9707532 -0.2194524 0
-0.1917849 0.2346673 -0.9529691 0
-0.976596 0.05069451 0.2090232 0
0.3336539 1.257023 -0.3090114 1

-0.02716239 -0.9924739 -0.1194072 0
-0.1204354 0.1218304 -0.9852172 0
-0.9923496 0.01238013 0.1228383 0
0.3333784 1.235471 -0.3163468 1

-0.2899698 -0.9544102 -0.07084336 0
-0.3092294 0.163489 -0.9368291 0
-0.9057014 0.2497455 0.3425386 0
0.3304958 1.212924 -0.3213807 1

-0.3867822 -0.9180684 -0.08689185 0
-0.2176734 0.1824546 -0.9588165 0
-0.8961129 0.3519391 0.2704091 0
0.3268455 1.191877 -0.3239981 1

-0.08844098 0.3319131 -0.9391552 0
0.1140238 0.9400256 0.3214827 0
-0.9895338 0.07865387 0.1209829 0
0.3044424 1.260832 -0.3409598 1

-0.6764197 -0.2579038 -0.6898858 0
0.4925654 0.5379866 -0.6840692 0
-0.5475731 0.8025315 0.2368703 0
0.2228304 1.253339 -0.5766809 1

-0.5579175 -0.1841789 -0.8092013 0
0.3605053 0.8244735 -0.4362111 0
-0.7475058 0.5350909 0.3935907 0
0.3119754 1.259075 -0.6177593 1

-0.5598273 -0.1479851 -0.8152878 0
0.1451208 0.9512049 -0.2723045 0
-0.8158027 0.2707586 0.5110348 0
0.3259637 1.266351 -0.6015413 1

-0.4988281 -0.2554742 -0.8281932 0
-0.2157855 0.9620876 -0.166807 0
-0.8394093 -0.09550416 0.5350438 0
0.3341974 1.270667 -0.5811591 1

-0.4024678 -0.4384797 -0.8035893 0
0.1308959 0.8412385 -0.5245805 0
-0.906028 0.3163131 0.2811761 0
0.3336387 1.266168 -0.551029 1

0.297111 -0.8604829 -0.4138773 0
-0.4245295 0.2692101 -0.8644658 0
-0.8552779 -0.4325452 0.2853151 0
0.3070389 1.258395 -0.2603973 1

-0.0926489 -0.9745042 -0.2043473 0
-0.3848093 0.2243282 -0.8953205 0
-0.9183346 0.00431562 0.3957821 0
0.3230111 1.270046 -0.3618946 1

0.07936049 -0.9953934 -0.05379882 0
-0.9383014 -0.09281362 0.3331314 0
0.33659 -0.02404223 0.9413446 0
0.3263866 1.242544 -0.3735425 1

-0.1644236 -0.9855514 -0.04066626 0
-0.7181286 0.09134176 0.6898901 0
0.6762074 -0.142638 0.7227712 0
0.3137387 1.221784 -0.3721471 1

-0.2858247 -0.957796 -0.03051241 0
-0.9071783 0.2601859 0.3306526 0
0.3087588 -0.1221892 0.9432594 0
0.3188253 1.198599 -0.3593255 1

-0.7688456 -0.5193927 -0.3729724 0
0.3627553 0.1260514 -0.9233203 0
-0.5265794 0.845188 -0.0914982 0
0.2483389 1.2812 -0.6121066 1

-0.5489105 -0.1372056 -0.824544 0
-0.01354882 0.9877675 -0.1553464 0
-0.8357719 0.07409945 0.5440547 0
0.3242007 1.287034 -0.6325518 1

-0.57099 -0.07351011 -0.8176597 0
-0.4198295 0.8820429 0.2138781 0
-0.7054887 -0.4653997 0.5344992 0
0.3313071 1.301374 -0.6115676 1

-0.6018466 -0.09952737 -0.7923858 0
-0.5365747 0.7852772 0.3089141 0
-0.5914971 -0.611093 0.5260201 0
0.3261531 1.306533 -0.5873775 1

-0.4092874 -0.3864072 -0.8265435 0
-0.3441602 0.9043595 -0.2523648 0
-0.8450078 -0.1811737 0.5031288 0
0.3373237 1.289851 -0.5657969 1

0.3626684 -0.930766 0.04632989 0
-0.03688672 -0.06401253 -0.9972674 0
-0.9311882 -0.3599683 0.0575484 0
0.2850548 1.272336 -0.3051634 1

-0.06300553 -0.983523 -0.16945 0
-0.8316517 0.145601 -0.5358692 0
-0.5517116 -0.1071608 0.8271223 0
0.3099618 1.277653 -0.3922558 1

0.131813 -0.9827527 -0.1297032 0
0.02284727 -0.1277983 0.9915371 0
0.9910115 0.1336606 -0.005607814 0
0.2918386 1.239127 -0.3612766 1

-0.1508726 -0.97859 -0.1399979 0
0.5098131 -0.198357 0.8371053 0
0.8469526 -0.05492356 -0.5288246 0
0.2869672 1.225189 -0.3464282 1

-0.2309514 -0.9656922 -0.1187454 0
0.08079556 -0.1406585 0.9867561 0
0.969605 -0.2182987 -0.1105089 0
0.2932867 1.205924 -0.3500171 1

-0.7688456 -0.5193927 -0.3729724 0
0.3627553 0.1260514 -0.9233203 0
-0.5265794 0.845188 -0.0914982 0
0.2597055 1.285149 -0.6410384 1

-0.5489105 -0.1372056 -0.824544 0
-0.01354882 0.9877675 -0.1553464 0
-0.8357719 0.07409945 0.5440547 0
0.3238498 1.31262 -0.6365757 1

-0.57099 -0.07351011 -0.8176597 0
-0.4198295 0.8820429 0.2138781 0
-0.7054887 -0.4653997 0.5344992 0
0.3229312 1.318972 -0.6073006 1

-0.6018466 -0.09952737 -0.7923858 0
-0.5365747 0.7852772 0.3089141 0
-0.5914971 -0.611093 0.5260201 0
0.3171362 1.319729 -0.5821864 1

-0.4092874 -0.3864072 -0.8265435 0
-0.3441602 0.9043595 -0.2523648 0
-0.8450078 -0.1811737 0.5031288 0
0.329913 1.309324 -0.571231 1

0.3626684 -0.930766 0.04632989 0
-0.03688672 -0.06401253 -0.9972674 0
-0.9311882 -0.3599683 0.0575484 0
0.2838987 1.27033 -0.3364165 1

-0.06300553 -0.983523 -0.16945 0
-0.8316517 0.145601 -0.5358692 0
-0.5517116 -0.1071608 0.8271223 0
0.2884201 1.281424 -0.4061362 1

0.131813 -0.9827527 -0.1297032 0
0.02284727 -0.1277983 0.9915371 0
0.9910115 0.1336606 -0.005607814 0
0.2922945 1.236577 -0.3414946 1

-0.1508726 -0.97859 -0.1399979 0
0.5098131 -0.198357 0.8371053 0
0.8469526 -0.05492356 -0.5288246 0
0.2955343 1.221856 -0.3323611 1

-0.2309514 -0.9656922 -0.1187454 0
0.08079556 -0.1406585 0.9867561 0
0.969605 -0.2182987 -0.1105089 0
0.2950264 1.202895 -0.3287696 1

0.5710616 -0.1195646 0.8121532 0
0.06359413 0.9928066 0.1014443 0
0.8184402 0.006282788 -0.5745573 0
-0.005599401 0.892215 -0.0124485 1

0.5565469 -0.2054486 0.8050132 0
0.3095559 0.9504524 0.02855448 0
0.7709932 -0.2333047 -0.5925692 0
0.01317578 0.9839135 -0.01215059 1

-0.4439293 0.1477766 -0.8837925 0
0.4728871 -0.799139 -0.3711533 0
0.7611206 0.5826998 -0.2848795 0
-0.06269586 0.8712363 -0.09401011 1

-0.03795791 0.1037006 -0.993884 0
0.6087238 -0.7863637 -0.1052963 0
0.7924736 0.6089978 0.03327632 0
0.04733393 0.8481997 0.06247218 1

0.6148827 -0.1336804 0.7772057 0
0.308957 0.9475824 -0.08144442 0
0.725579 -0.2902019 -0.6239535 0
0.06349369 1.138408 -0.007509103 1

-0.2205131 0.2025478 -0.9541218 0
-0.8685765 -0.4858486 0.09760278 0
0.4437895 -0.8502505 -0.2830641 0
0.1351343 0.5369202 -0.2492803 1

-0.2076029 0.1111207 -0.9718813 0
-0.2461427 -0.9674942 -0.05804075 0
0.9467391 -0.2271719 -0.2282062 0
0.3019907 0.5192282 0.018422 1

0.6707407 -0.06455391 0.7388772 0
0.4174385 0.8562999 -0.304131 0
0.6130676 -0.5124288 -0.6013025 0
0.1058231 1.268234 -0.01866759 1

-0.2550935 0.07295047 -0.9641606 0
-0.4539513 -0.8894606 0.05280598 0
0.8537305 -0.4511525 -0.2600115 0
-0.2031174 0.3477151 -0.2112707 1

-0.047984 -0.05467417 -0.9973507 0
0.3928445 -0.9190658 0.03148237 0
0.9183522 0.3902931 -0.06557888 0
0.2061345 0.142454 -0.004180959 1

0.719903 -0.1502001 0.6776279 0
0.4669034 0.8271825 -0.3126823 0
0.5135571 -0.5414878 -0.6656201 0
0.1370587 1.409379 -0.03469135 1

0.730968 -0.6180859 -0.2892333 0
-0.4821362 -0.1678116 -0.8598744 0
-0.4829396 -0.7679904 0.4206664 0
0.0838806 1.37887 -0.07223886 1

-0.3152387 0.5828498 0.7489396 0
0.7841213 -0.2845779 0.5515151 0
-0.5345822 -0.7611185 0.3673149 0
0.166305 1.370938 0.01855724 1

-0.3677669 0.1446145 -0.9186046 0
0.3603784 -0.8884745 -0.2841499 0
0.8572486 0.4355462 -0.2746353 0
-0.2721181 0.212517 -0.2032442 1

0.05452526 -0.0007413551 -0.9985122 0
0.9983791 -0.01630237 0.05453008 0
0.01631858 0.9998669 0.0001487285 0
0.2658469 0.002756 0.0006043399 1

0.719903 -0.1502001 0.6776279 0
0.4669034 0.8271825 -0.3126823 0
0.5135571 -0.5414878 -0.6656201 0
0.1620826 1.44026 -0.05443145 1

0.8162261 0.3035922 -0.4915354 0
-0.188208 -0.6646602 -0.7230525 0
0.5462168 -0.6826851 0.4853744 0
0.02377751 1.35795 -0.1794308 1

0.2708348 -0.05129043 0.9612584 0
0.5019474 -0.844554 -0.1864873 0
-0.8213996 -0.5330084 0.2029893 0
0.2640532 1.335463 0.08730886 1

-0.3677669 0.1446145 -0.9186046 0
0.3603784 -0.8884745 -0.2841499 0
0.8572486 0.4355462 -0.2746353 0
-0.205448 0.04814935 -0.2558119 1

0.05452526 -0.0007413551 -0.9985122 0
0.9983791 -0.01630237 0.05453008 0
0.01631858 0.9998669 0.0001487285 0
0.450547 -0.0002599955 0.01069241 1

0.9837117 -0.1605791 0.0807808 0
0.1787284 0.9216872 -0.3443093 0
0.01916581 -0.3531391 -0.9353745 0
0.185292 1.468918 -0.07273642 1

-0.4934782 0.4229626 -0.7599882 0
0.8690979 0.2057526 -0.4498165 0
0.0338859 0.8824787 0.4691306 0
-0.02833164 1.173926 -0.3796223 1

-0.009454288 -0.9284881 -0.3712422 0
-0.1851495 0.3664646 -0.9118242 0
-0.9826648 -0.06011479 0.1753736 0
0.4030274 1.101631 0.03567613 1

0.9837117 -0.1605791 0.0807808 0
0.1787284 0.9216872 -0.3443093 0
0.01916581 -0.3531391 -0.9353745 0
0.2556779 1.78905 -0.2946584 1

0.0191679 -0.3531394 -0.9353745 0
-0.9837116 0.1605784 -0.08078289 0
-0.1787284 -0.9216872 0.3443093 0
0.166871 1.578001 -0.2616836 1

-0.01914889 0.3531384 0.9353751 0
0.983712 -0.160585 0.08076507 0
-0.1787285 -0.9216864 0.3443114 0
0.2670141 1.561654 -0.2534601 1

-0.5192919 -0.3765222 -0.7671813 0
0.7906832 0.1289566 -0.5984902 0
-0.3242776 0.9173885 -0.2307436 0
0.2141014 1.23132 -0.5050977 1

-0.1097161 -0.9413362 -0.3191376 0
-0.08644783 0.3288962 -0.940401 0
-0.9901963 0.07558831 0.1174616 0
0.3513802 1.203856 -0.2186754 1

-0.7728601 -0.3835462 -0.5055492 0
0.3309605 0.4361115 -0.8368227 0
-0.5414358 0.8140634 0.2101148 0
0.2165085 1.238784 -0.5407616 1

-0.5792229 -0.2226117 -0.7841843 0
0.6446433 0.4637095 -0.6077902 0
-0.4989349 0.8575648 0.1250862 0
0.2849436 1.239023 -0.585535 1

-0.5888745 -0.2133704 -0.7795512 0
0.6429417 0.4607878 -0.6118014 0
-0.4897478 0.8614802 0.1341615 0
0.2972633 1.245403 -0.5674826 1

-0.5235608 -0.3545347 -0.7747191 0
0.6561713 0.4122036 -0.6320821 0
-0.5434369 0.8392816 -0.01682171 0
0.3071525 1.254221 -0.5483398 1

-0.4406925 -0.4972266 -0.7473661 0
0.7555532 0.2440898 -0.6079145 0
-0.4846955 0.832578 -0.2681124 0
0.3142224 1.263109 -0.5300587 1

0.1465091 -0.683111 -0.7154679 0
-0.4960681 0.5750168 -0.6505936 0
-0.8558338 -0.4502388 0.2546244 0
0.337684 1.234833 -0.2323268 1

-0.09328814 -0.9717119 -0.2169641 0
-0.1894098 0.2312552 -0.9542772 0
-0.9774563 0.0479277 0.2056251 0
0.3420726 1.25937 -0.3102163 1

-0.02334967 -0.9929019 -0.1166234 0
-0.1175655 0.1185727 -0.9859609 0
-0.9927906 0.00931092 0.1194997 0
0.3418958 1.237796 -0.3174901 1

-0.286447 -0.9556051 -0.06904464 0
-0.3066621 0.1597191 -0.9383221 0
-0.9076927 0.2476062 0.3387988 0
0.3391076 1.215225 -0.3224683 1

-0.3833297 -0.9196439 -0.08552031 0
-0.2150989 0.1789369 -0.9600593 0
-0.8982153 0.3496241 0.2664062 0
0.3355385 1.194157 -0.3250369 1

-0.08644783 0.3288964 -0.9404011 0
0.1097162 0.9413362 0.3191378 0
-0.9901963 0.07558831 0.1174616 0
0.3129551 1.262985 -0.3422725 1

-0.671831 -0.263642 -0.6921965 0
0.4916087 0.5402997 -0.6829329 0
-0.5540434 0.7991052 0.2333814 0
0.2314479 1.25847 -0.5785353 1

-0.5533581 -0.1892882 -0.8111504 0
0.3565764 0.8262565 -0.436066 0
-0.7527604 0.5305377 0.3897202 0
0.3207167 1.264756 -0.619263 1

-0.5554928 -0.1531181 -0.8173023 0
0.1396629 0.9517556 -0.2732316 0
-0.8197087 0.2659249 0.5073085 0
0.3345888 1.272154 -0.6030002 1

-0.4937026 -0.2602041 -0.8297902 0
-0.2217334 0.960314 -0.169208 0
-0.8408877 -0.1004538 0.5318055 0
0.3427099 1.276558 -0.582592 1

-0.3961837 -0.4425018 -0.8045065 0
0.1272165 0.8412993 -0.5253874 0
-0.9093156 0.3104963 0.2770159 0
0.3420605 1.272103 -0.5524572 1

0.3014485 -0.8606426 -0.4103939 0
-0.4225659 0.2652501 -0.8666491 0
-0.854732 -0.4346686 0.2837189 0
0.315291 1.26079 -0.2616952 1

-0.08861366 -0.9754032 -0.2018328 0
-0.3825887 0.2204167 -0.8972415 0
-0.9196593 0.002288911 0.3927103 0
0.3315617 1.272203 -0.3631719 1

0.08296307 -0.9952645 -0.05065271 0
-0.9390829 -0.09508883 0.3302749 0
0.3335275 -0.02016637 0.9425248 0
0.3350706 1.244679 -0.3747288 1

-0.1608957 -0.9862257 -0.03836004 0
-0.7207366 0.09085287 0.6872296 0
0.6742784 -0.1382198 0.725427 0
0.3224897 1.22388 -0.3733156 1

-0.2824248 -0.9588603 -0.02869058 0
-0.9091661 0.2580072 0.3268778 0
0.3060278 -0.1184028 0.944631 0
0.3276132 1.20075 -0.3604101 1

-0.7637337 -0.5252659 -0.3752424 0
0.3656088 0.1271054 -0.9220494 0
-0.5320163 0.8413919 -0.0949671 0
0.2569067 1.28645 -0.6139022 1

-0.5446129 -0.1422781 -0.8265313 0
-0.01972663 0.9874063 -0.1569727 0
-0.8384556 0.06918462 0.5405608 0
0.3328086 1.292775 -0.6340505 1

-0.5671586 -0.07872581 -0.8198377 0
-0.4267588 0.87946 0.2107782 0
-0.7044206 -0.4694174 0.5323902 0
0.3397311 1.307197 -0.6130606 1

-0.597937 -0.1049157 -0.7946471 0
-0.5432178 0.7820401 0.3054967 0
-0.5893945 -0.6143341 0.5246028 0
0.3344439 1.312358 -0.5888999 1

-0.4032692 -0.3905136 -0.8275709 0
-0.3493603 0.9015681 -0.2551908 0
-0.8457668 -0.1862098 0.5000046 0
0.3456418 1.295787 -0.5672477 1

0.3657112 -0.9293719 0.05023046 0
-0.03333828 -0.06701487 -0.9971949 0
-0.9301311 -0.3630109 0.05549163 0
0.2934085 1.274525 -0.3065743 1

-0.05905619 -0.984219 -0.1668109 0
-0.8303548 0.1411854 -0.5390524 0
-0.5540966 -0.1066778 0.8255887 0
0.3185878 1.279677 -0.3935983 1

0.1356248 -0.982662 -0.1264185 0
0.01997787 -0.1248589 0.9919734 0
0.9905588 0.1370617 -0.002697408 0
0.3004938 1.241178 -0.3625682 1

-0.1470375 -0.9795042 -0.1376658 0
0.5076961 -0.1941824 0.8393677 0
0.8488961 -0.05352623 -0.5258425 0
0.2956209 1.227267 -0.3476959 1

-0.2272306 -0.9668214 -0.1167172 0
0.07798573 -0.1375329 0.9874226 0
0.9707134 -0.2152704 -0.1066497 0
0.3020186 1.208013 -0.3512079 1

-0.7637337 -0.5252659 -0.3752424 0
0.3656088 0.1271054 -0.9220494 0
-0.5320163 0.8413919 -0.0949671 0
0.2683628 1.290433 -0.6427941 1

-0.5446129 -0.1422781 -0.8265313 0
-0.01972663 0.9874063 -0.1569727 0
-0.8384556 0.06918462 0.5405608 0
0.3322977 1.318352 -0.6381165 1

-0.5671586 -0.07872581 -0.8198377 0
-0.4267588 0.87946 0.2107782 0
-0.7044206 -0.4694174 0.5323902 0
0.331217 1.324743 -0.6088554 1

-0.597937 -0.1049157 -0.7946471 0
-0.5432178 0.7820401 0.3054967 0
-0.5893945 -0.6143341 0.5246028 0
0.3253154 1.3255 -0.583766 1

-0.4032692 -0.3905136 -0.8275709 0
-0.3493603 0.9015681 -0.2551908 0
-0.8457668 -0.1862098 0.5000046 0
0.3381192 1.3152 -0.5727428 1

0.3657112 -0.9293719 0.05023046 0
-0.03333828 -0.06701487 -0.9971949 0
-0.9301311 -0.3630109 0.05549163 0
0.2923638 1.272425 -0.337825 1

-0.05905619 -0.984219 -0.1668109 0
-0.8303548 0.1411854 -0.5390524 0
-0.5540966 -0.1066778 0.8255887 0
0.2970796 1.283334 -0.4075611 1

0.1356248 -0.982662 -0.1264185 0
0.01997787 -0.1248589 0.9919734 0
0.9905588 0.1370617 -0.002697408 0
0.3008924 1.238687 -0.3427774 1

-0.1470375 -0.9795042 -0.1376658 0
0.5076961 -0.1941824 0.8393677 0
0.8488961 -0.05352623 -0.5258425 0
0.3041525 1.224003 -0.3335907 1

-0.2272306 -0.9668214 -0.1167172 0
0.07798573 -0.1375329 0.9874226 0
0.9707134 -0.2152704 -0.1066497 0
0.3036978 1.205052 -0.329946 1

0.5433104 -0.1038066 0.8330894 0
0.05687522 0.9945975 0.08683929 0
0.8376032 -0.0002014525 -0.5462792 0
-0.005479145 0.9049349 -0.01837411 1

0.5258399 -0.2027731 0.8260602 0
0.3174435 0.947784 0.03057961 0
0.7891273 -0.2461475 -0.5627517 0
0.01297836 0.9966965 -0.01897774 1

-0.4114305 0.1768398 -0.8941211 0
0.3915937 -0.8515428 -0.3486108 0
0.8230306 0.4935612 -0.2811014 0
-0.05968219 0.8823795 -0.1014746 1

-0.08064631 0.08788614 -0.9928608 0
0.5970168 -0.7933952 -0.1187232 0
0.7981648 0.6023291 -0.01151481 0
0.04500061 0.8623791 0.05904157 1

0.5877492 -0.1288328 0.7987196 0
0.3161844 0.9453024 -0.08019238 0
0.7447001 -0.2996757 -0.5963356 0
0.0645784 1.150758 -0.01400706 1

-0.1882741 0.22506 -0.9559816 0
-0.9103311 -0.4052944 0.08386812 0
0.3685786 -0.88605 -0.2811857 0
0.1041392 0.5261406 -0.2473143 1

-0.2024036 0.05114046 -0.9779661 0
-0.05464115 -0.9976697 -0.04086204 0
0.9777766 -0.04516661 -0.2047263 0
0.2947598 0.5304661 0.009374298 1

0.6463982 -0.05830668 0.7607691 0
0.4282267 0.8529556 -0.2984769 0
0.6314991 -0.5187166 -0.5763175 0
0.107898 1.280271 -0.024994 1

-0.2777989 0.1203507 -0.9530705 0
-0.4978311 -0.8665396 0.03568287 0
0.821579 -0.4843808 -0.3006381 0
-0.2503731 0.3683059 -0.2146534 1

-0.06383392 -0.05164137 -0.9966236 0
0.3955469 -0.9181765 0.02224171 0
0.9162248 0.3927915 -0.07903737 0
0.2734807 0.1419404 -0.006538726 1

0.6979984 -0.146483 0.7009571 0
0.4779502 0.824218 -0.3036913 0
0.5332558 -0.5469987 -0.6453143 0
0.1398282 1.421225 -0.04132102 1

0.7252615 -0.6178516 -0.3037355 0
-0.4900602 -0.1534223 -0.8580809 0
-0.483567 -0.7711817 0.4140556 0
0.08785103 1.39042 -0.08028213 1

-0.3346243 0.5918794 0.733284 0
0.7666771 -0.2814623 0.5770485 0
-0.5479349 -0.7552866 0.3595964 0
0.1672841 1.383257 0.01320414 1

-0.3899369 0.1928741 -0.9004158 0
0.3095012 -0.8934815 -0.3254223 0
0.8672706 0.4055741 -0.2887067 0
-0.3260435 0.2365918 -0.2092296 1

0.05015537 0.002459385 -0.9987384 0
0.9985968 -0.01714414 0.05010605 0
0.0169992 0.9998502 0.003315777 0
0.3336037 0.00237757 -0.003157996 1

0.6979984 -0.146483 0.7009571 0
0.4779502 0.824218 -0.3036913 0
0.5332558 -0.5469987 -0.6453143 0
0.1655142 1.451926 -0.0604827 1

0.8215506 0.2856806 -0.4933977 0
-0.1872814 -0.6821584 -0.706814 0
0.5384983 -0.6730875 0.5069249 0
0.02676011 1.371295 -0.1872505 1

0.2675302 -0.0361524 0.962871 0
0.4923275 -0.853875 -0.1688514 0
-0.828276 -0.5192209 0.2106387 0
0.2628578 1.34817 0.08513878 1

-0.3899369 0.1928741 -0.9004158 0
0.3095012 -0.8934815 -0.3254223 0
0.8672706 0.4055741 -0.2887067 0
-0.2687857 0.07129776 -0.2694327 1

0.05015537 0.002459385 -0.9987384 0
