MeshAnim
1
285
69
60
0.9924639 -0.118644 0.03064201 0
0.1160749 0.9903909 0.07518347 0
0.03926763 0.07106011 -0.9966988 0
0.0009203634 0.9070956 0.0004321293 1

0.9747069 -0.2220363 0.02542242 0
0.223143 0.9731987 -0.05560302 0
0.01239518 -0.05986948 -0.9981292 0
0.01224893 0.999593 -0.008350476 1

-0.8790551 -0.12951 0.4587912 0
0.03168775 -0.9761364 -0.2148344 0
-0.475666 0.1743132 -0.8621814 0
-0.0984909 0.8861073 -0.004980791 1

-0.8444837 -0.1918345 -0.5000468 0
0.3307015 -0.9211796 -0.2050966 0
0.4212884 0.338567 -0.841361 0
0.09273292 0.8632481 0.0009232037 1

0.9665158 -0.2547893 0.03048907 0
0.2542071 0.966906 0.021715 0
0.03501282 0.01323736 -0.9992992 0
0.04852053 1.157785 -0.01738867 1

-0.9656913 -0.03524116 0.2572907 0
0.1409321 -0.9032828 0.4052388 0
-0.2181252 -0.4275961 -0.8772588 0
-0.08523448 0.4777452 -0.09485579 1

-0.905195 -0.3011197 -0.2999152 0
0.1697846 -0.9031464 0.3943346 0
0.3896092 -0.3060287 -0.8686489 0
0.2310803 0.477877 -0.08487798 1

0.95714 -0.2873211 0.03646375 0
0.2893745 0.9539425 -0.07909559 0
0.0120585 -0.08625722 -0.9961998 0
0.08334877 1.290258 -0.01441356 1

-0.999246 0.009475112 0.03765104 0
-0.02941624 -0.8176777 -0.5749243 0
-0.02533896 0.5755985 -0.8173399 0
-0.03035098 0.1259776 0.06295725 1

-0.9994093 -0.005115189 0.03398236 0
-0.01549684 -0.8155252 -0.5785141 0
-0.03067268 0.5786991 -0.8149641 0
0.2972 0.1261619 0.06868897 1

0.9565017 -0.2900201 0.03151021 0
0.2905032 0.9370344 -0.1938414 0
-0.02669174 -0.1945634 -0.9805266 0
0.1229815 1.426397 0.0179864 1

-0.07806838 -0.04222867 -0.9960532 0
-0.991598 0.1066556 0.07319741 0
-0.1031437 -0.9933988 0.05020034 0
0.05356113 1.408362 0.01307684 1

-0.1177593 0.2234839 0.9675679 0
0.91248 -0.3600798 0.194224 0
-0.3918075 -0.905758 0.1615219 0
0.1711794 1.373057 0.01755753 1

-0.9877402 0.0008252561 0.1561057 0
-0.1561073 -0.007847905 -0.987709 0
-0.0004100204 0.9999691 -0.007880626 0
-0.03482222 0.001690745 -0.0244312 1

-0.9963338 -0.01525936 -0.08417968 0
0.08288883 0.07139296 -0.9939982 0
-0.02117766 0.9973316 0.06986635 0
0.2948445 0.002202213 -0.01924517 1

0.9565017 -0.2900201 0.03151021 0
0.2905032 0.9370344 -0.1938414 0
-0.02669174 -0.1945634 -0.9805266 0
0.135342 1.465261 0.0004851754 1

0.07147543 0.6719101 -0.7371758 0
-0.9974148 0.04265953 -0.05782505 0
0.007405587 -0.7394031 -0.6732221 0
-0.07005148 1.421658 0.02220163 1

-0.1286109 -0.751336 0.6472661 0
0.9049138 -0.3559232 -0.2333445 0
-0.4056971 -0.5557095 -0.72567 0
0.2849287 1.328169 0.04176942 1

-0.9877402 0.0008252561 0.1561057 0
-0.1561073 -0.007847905 -0.987709 0
-0.0004100204 0.9999691 -0.007880626 0
-0.06370208 0.0002388358 -0.2071574 1

-0.9963338 -0.01525936 -0.08417968 0
0.08288883 0.07139296 -0.9939982 0
-0.02117766 0.9973316 0.06986635 0
0.3101789 0.01540977 -0.2031348 1

0.9860346 -0.1151467 -0.120321 0
0.1027666 0.9892025 -0.1044874 0
-0.1310532 -0.09066314 -0.9872209 0
0.1468103 1.501321 -0.01573808 1

0.9178365 -0.1435439 0.3700964 0
0.3839335 0.5578791 -0.7357758 0
0.1008528 -0.8174143 -0.567153 0
-0.3462057 1.433469 0.006191609 1

0.891598 -0.4153432 -0.1803972 0
0.2011537 0.7201927 -0.6639729 0
-0.4056972 -0.5557092 -0.7256702 0
0.5354722 1.229625 -0.02283669 1

0.9860346 -0.1151467 -0.120321 0
0.1027666 0.9892025 -0.1044874 0
-0.1310532 -0.09066314 -0.9872209 0
0.17362 1.872544 -0.1505081 1

-0.1310511 -0.0906634 -0.9872212 0
-0.9860348 0.1151465 0.1203189 0
-0.1027666 -0.9892025 0.1044874 0
0.0952327 1.655235 -0.1626727 1

0.1310698 0.09066334 0.9872186 0
0.9860323 -0.1151482 -0.1203375 0
-0.1027663 -0.9892023 0.1044895 0
0.1956122 1.643513 -0.1749216 1

0.8741317 -0.08210076 0.4786996 0
0.3172173 0.8428584 -0.434699 0
0.3677867 -0.5318359 -0.7628129 0
-0.2391082 1.589088 -0.1990515 1

0.960921 -0.1898634 -0.2014515 0
0.02049431 0.7745239 -0.6322128 0
-0.2760629 -0.6033778 -0.7481473 0
0.5915836 1.430521 -0.2080506 1

0.3463559 -0.8524624 0.3915937 0
0.6458804 -0.08604303 -0.7585744 0
-0.6803501 -0.5156593 -0.5207871 0
-0.2058028 1.599978 -0.2093271 1

0.893436 -0.02991957 0.448193 0
0.3171198 0.7486714 -0.5821738 0
0.3181309 -0.6622657 -0.678378 0
-0.1855272 1.674493 -0.2362428 1

0.8936216 -0.03050201 0.4477837 0
0.3173817 0.7483798 -0.5824059 0
0.3173477 -0.6625687 -0.678449 0
-0.2062506 1.677377 -0.2452199 1

0.8936408 -0.03155766 0.4476722 0
0.318139 0.7481171 -0.5823304 0
0.3165341 -0.662816 -0.6785874 0
-0.2271013 1.676922 -0.255566 1

0.8925827 -0.02784039 0.4500235 0
0.3173478 0.7477991 -0.5831697 0
0.3202913 -0.6633412 -0.6763074 0
-0.246225 1.674232 -0.2650649 1

0.6208423 0.6588235 -0.4248608 0
-0.4521024 -0.1418504 -0.8806146 0
0.6404362 -0.7388034 -0.2097887 0
0.5657423 1.445068 -0.229361 1

0.9586581 -0.2331781 -0.1631036 0
0.03389489 0.6626661 -0.7481478 0
-0.2825347 -0.7116894 -0.6431735 0
0.571843 1.514537 -0.2720802 1

0.9588675 -0.232509 -0.1628276 0
0.03356014 0.6624683 -0.748338 0
-0.2818632 -0.7120923 -0.6430221 0
0.5942398 1.511444 -0.274763 1

0.9591191 -0.23135 -0.1629966 0
0.03262634 0.6625053 -0.7483465 0
-0.2811159 -0.7124352 -0.6429694 0
0.6162961 1.50483 -0.2781953 1

0.957889 -0.2337039 -0.1668272 0
0.03134239 0.6626264 -0.7482941 0
-0.2854232 -0.7115539 -0.6420473 0
0.6359777 1.496588 -0.281003 1

0.02049422 0.7745242 -0.6322129 0
-0.9609212 0.1898633 0.2014516 0
-0.2760629 -0.6033778 -0.7481473 0
0.5751715 1.523563 -0.3144588 1

0.6957107 -0.716269 -0.05427149 0
0.3193809 0.3761178 -0.8697881 0
-0.6434148 -0.5877874 -0.4904316 0
-0.1766482 1.596094 -0.2435686 1

0.9096245 -0.003601842 0.4154159 0
0.3836908 0.3906383 -0.8367696 0
0.1592632 -0.9205374 -0.3567159 0
-0.1679293 1.716039 -0.2685492 1

0.9096487 -0.004444227 0.4153546 0
0.3837723 0.3915799 -0.8362919 0
0.1589277 -0.9201335 -0.3579055 0
-0.1878252 1.720824 -0.279031 1

0.9095539 -0.005737253 0.4155463 0
0.3843778 0.3917744 -0.8359224 0
0.1580045 -0.9200435 -0.3585453 0
-0.2098615 1.717462 -0.2871222 1

0.9091185 -0.0009462237 0.4165367 0
0.383517 0.3921116 -0.8361597 0
0.1625377 -0.9199172 -0.3568387 0
-0.2345323 1.701784 -0.2865516 1

0.8184639 0.5551524 0.1480638 0
0.01264692 0.2402309 -0.9706334 0
0.5744189 -0.796301 -0.1895992 0
0.5453339 1.438665 -0.2691128 1

0.9590993 -0.2505206 -0.1317888 0
-0.05792227 0.2820327 -0.9576548 0
-0.2770808 -0.9261195 -0.2559866 0
0.573724 1.55131 -0.3135972 1

0.959308 -0.2496481 -0.1319255 0
-0.05786565 0.2834867 -0.9572289 0
-0.2763693 -0.9259111 -0.257505 0
0.5961881 1.549903 -0.3182069 1

0.9595856 -0.2483148 -0.1324198 0
-0.05865736 0.2837263 -0.9571095 0
-0.2752353 -0.9261962 -0.2576942 0
0.6180642 1.540731 -0.3187479 1

0.9584236 -0.2515888 -0.1346387 0
-0.0596576 0.2847415 -0.9567462 0
-0.2790436 -0.9250002 -0.2578937 0
0.6371325 1.521003 -0.3085737 1

0.5420665 -0.8289114 0.1380929 0
0.644083 0.3042755 -0.7018359 0
-0.5397415 -0.469385 -0.6988252 0
-0.1601085 1.615572 -0.2886122 1

0.9000086 -0.01660828 0.4355555 0
0.3544999 0.6092973 -0.7092861 0
0.2536028 -0.792768 -0.5542605 0
-0.1549179 1.729286 -0.2969251 1

0.9001046 -0.01739761 0.4353261 0
0.3544939 0.6101122 -0.7085882 0
0.25327 -0.792124 -0.5553321 0
-0.1736947 1.735242 -0.3098233 1

0.9000506 -0.01862027 0.4353875 0
0.3550537 0.6106244 -0.7078666 0
0.2526774 -0.7917017 -0.5562037 0
-0.1955322 1.732067 -0.3182847 1

0.8993773 -0.01478799 0.4369229 0
0.3541726 0.6105444 -0.7083764 0
0.2562854 -0.791844 -0.5543473 0
-0.2237356 1.712823 -0.3100911 1

0.7749913 0.6318768 0.01097682 0
-0.2644141 0.3399794 -0.9024961 0
0.5739982 -0.6965244 -0.4305579 0
0.5459889 1.451105 -0.3193767 1

0.9584353 -0.24232 -0.1506084 0
-0.005792648 0.5112404 -0.8594183 0
-0.2852511 -0.8245692 -0.488587 0
0.5717598 1.560874 -0.3460722 1

0.9586562 -0.2414781 -0.1505553 0
-0.005750559 0.5125204 -0.8586558 0
-0.2845091 -0.8240215 -0.4899422 0
0.5940575 1.560341 -0.3534519 1

0.9589225 -0.2402176 -0.1508744 0
-0.006584167 0.5128785 -0.8584359 0
-0.2835915 -0.824167 -0.490229 0
0.6158774 1.551308 -0.3544287 1

0.9578527 -0.2425881 -0.1538491 0
-0.007652923 0.513834 -0.8578556 0
-0.2871583 -0.8228766 -0.4903207 0
0.6354531 1.529019 -0.3355078 1

0.5420665 -0.8289114 0.1380929 0
0.644083 0.3042755 -0.7018359 0
-0.5397415 -0.469385 -0.6988252 0
-0.1399265 1.625106 -0.3106039 1

0.9000086 -0.01660828 0.4355555 0
0.3544999 0.6092973 -0.7092861 0
0.2536028 -0.792768 -0.5542605 0
-0.1457354 1.745068 -0.3152975 1

0.9001046 -0.01739761 0.4353261 0
0.3544939 0.6101122 -0.7085882 0
0.25327 -0.792124 -0.5553321 0
-0.1666223 1.747414 -0.32396 1

0.9000506 -0.01862027 0.4353875 0
0.3550537 0.6106244 -0.7078666 0
0.2526774 -0.7917017 -0.5562037 0
-0.1895656 1.742328 -0.3301801 1

0.8993773 -0.01478799 0.4369229 0
0.3541726 0.6105444 -0.7083764 0
0.2562854 -0.791844 -0.5543473 0
-0.2161094 1.72597 -0.3253443 1

0.7749913 0.6318768 0.01097682 0
-0.2644141 0.3399794 -0.9024961 0
0.5739982 -0.6965244 -0.4305579 0
0.5377025 1.461759 -0.3476597 1

0.9584353 -0.24232 -0.1506084 0
-0.005792648 0.5112404 -0.8594183 0
-0.2852511 -0.8245692 -0.488587 0
0.5716098 1.574116 -0.3683333 1

0.9586562 -0.2414781 -0.1505553 0
-0.005750559 0.5125204 -0.8586558 0
-0.2845091 -0.8240215 -0.4899422 0
0.5939428 1.570566 -0.3705828 1

0.9589225 -0.2402176 -0.1508744 0
-0.006584167 0.5128785 -0.8584359 0
-0.2835915 -0.824167 -0.490229 0
0.6157668 1.559927 -0.3688543 1

0.9578527 -0.2425881 -0.1538491 0
-0.007652923 0.513834 -0.8578556 0
-0.2871583 -0.8228766 -0.4903207 0
0.6352883 1.540083 -0.3539797 1

0.994345 -0.1035305 0.02365282 0
0.101515 0.9920325 0.07460696 0
0.03118846 0.07178393 -0.9969324 0
0.005431403 0.907149 -0.0002535921 1

0.9780511 -0.2073729 0.02031464 0
0.2081754 0.9766679 -0.05275336 0
0.008901033 -0.0558245 -0.9984009 0
0.01528921 0.9998092 -0.009093071 1

-0.8774295 -0.1223657 0.463836 0
0.01905376 -0.9750456 -0.2211854 0
-0.4793268 0.1852368 -0.8578654 0
-0.09368449 0.8846509 -0.004974319 1

-0.8513688 -0.18986 -0.4890036 0
0.3231705 -0.9241247 -0.2038491 0
0.4131975 0.3315822 -0.848128 0
0.09790176 0.8647038 -0.0004169712 1

0.9706306 -0.2392203 0.0254963 0
0.2386276 0.9708088 0.02423453 0
0.03054941 0.01743864 -0.9993811 0
0.04912784 1.158565 -0.01766806 1

-0.9626263 -0.02477466 0.2696974 0
0.1386543 -0.9004918 0.4121765 0
-0.2326488 -0.4341668 -0.8702722 0
-0.08571344 0.4767452 -0.0975062 1

-0.9103256 -0.2934007 -0.2919305 0
0.1639263 -0.9032323 0.3966103 0
0.3800468 -0.3131894 -0.8703314 0
0.2330986 0.4781006 -0.08569627 1

0.9620727 -0.2709647 0.03153045 0
0.2726313 0.9590383 -0.07692872 0
0.009393929 -0.08260722 -0.9965379 0
0.08182157 1.291573 -0.01434775 1

-0.9992594 0.009156421 0.03737421 0
-0.0289708 -0.8182657 -0.57411 0
-0.02532526 0.5747676 -0.8179248 0
-0.03171698 0.1260645 0.06300866 1

-0.9994203 -0.005533949 0.03359328 0
-0.01488238 -0.8164287 -0.5772545 0
-0.03062104 0.5774199 -0.815873 0
0.2969369 0.126352 0.0687569 1

0.9618728 -0.2721969 0.02663714 0
0.2721589 0.9429927 -0.1915576 0
-0.02702277 -0.1915036 -0.9811198 0
0.1192468 1.42826 0.01836763 1

-0.08112349 -0.04403025 -0.995731 0
-0.9928945 0.09083363 0.0768758 0
-0.08706108 -0.9948922 0.05108608 0
0.05012628 1.409053 0.01367932 1

-0.1160116 0.215141 0.9696678 0
0.9195102 -0.3458696 0.186749 0
-0.3755559 -0.9132846 0.1576994 0
0.1683507 1.375757 0.01755379 1

-0.987782 0.0006297529 0.1558405 0
-0.15584 -0.008896422 -0.9877424 0
-0.0007643923 0.9999604 -0.008885823 0
-0.03612055 0.001688302 -0.02425604 1

-0.9962929 -0.01585989 -0.0845516 0
0.08325073 0.06989032 -0.9940748 0
-0.02167529 0.9974288 0.06831083 0
0.2946748 0.002254963 -0.0189858 1

0.9618728 -0.2721969 0.02663714 0
0.2721589 0.9429927 -0.1915576 0
-0.02702277 -0.1915036 -0.9811198 0
0.1308081 1.467411 0.0009600241 1

0.0826656 0.6846554 -0.7241639 0
-0.9955951 0.02448231 -0.09050364 0
0.04423454 -0.7284556 -0.6836637 0
-0.07364793 1.420376 0.02326266 1

-0.1370799 -0.7468643 0.6506945 0
0.9069133 -0.3588251 -0.2208009 0
-0.3983936 -0.5598561 -0.7265288 0
0.2829764 1.332641 0.04083385 1

-0.987782 0.0006297529 0.1558405 0
-0.15584 -0.008896422 -0.9877424 0
-0.0007643923 0.9999604 -0.008885823 0
-0.06495095 4.225969E-05 -0.2069884 1

-0.9962929 -0.01585989 -0.0845516 0
0.08325073 0.06989032 -0.9940748 0
-0.02167529 0.9974288 0.06831083 0
0.3100762 0.01518464 -0.2028897 1

0.9876313 -0.1016322 -0.1193956 0
0.08887292 0.9901999 -0.1077304 0
-0.1291744 -0.09578694 -0.9869847 0
0.1415349 1.503738 -0.01517637 1

0.9133477 -0.1502453 0.3784473 0
0.3928774 0.569357 -0.722136 0
0.1069741 -0.8082445 -0.5790488 0
-0.3492983 1.427154 -0.001795093 1

0.8983058 -0.3981693 -0.1857629 0
0.1852809 0.7266517 -0.6615502 0
-0.3983937 -0.5598561 -0.7265287 0
0.5340734 1.233293 -0.0202993 1

0.9876313 -0.1016322 -0.1193956 0
0.08887292 0.9901999 -0.1077304 0
-0.1291744 -0.09578694 -0.9869847 0
0.1631887 1.874851 -0.1511694 1

-0.1291723 -0.09578716 -0.9869851 0
-0.9876316 0.101632 0.1193935 0
-0.08887292 -0.9901999 0.1077304 0
0.08788003 1.656419 -0.1626519 1

0.129191 0.09578737 0.9869825 0
0.9876292 -0.1016338 -0.1194121 0
-0.08887263 -0.9901997 0.1077326 0
0.188422 1.646072 -0.1748065 1

0.8764117 -0.07135263 0.4762473 0
0.3134997 0.8352328 -0.4517795 0
0.3655416 -0.545248 -0.7543766 0
-0.2397061 1.585975 -0.2032334 1

0.9677771 -0.165129 -0.1901056 0
0.004838891 0.7670161 -0.6416098 0
-0.2517624 -0.6200154 -0.7430994 0
0.5857573 1.435991 -0.2048374 1

0.3585212 -0.8477813 0.390807 0
0.6307867 -0.08860238 -0.7708817 0
-0.6881654 -0.5228931 -0.5030029 0
-0.2064696 1.596739 -0.2138591 1

0.8971605 -0.01590798 0.4414184 0
0.3242924 0.7022335 -0.6338007 0
0.299896 -0.7117693 -0.6351748 0
-0.1864716 1.670779 -0.2422521 1

0.8970909 -0.01701529 0.441519 0
0.3268591 0.6979316 -0.6372246 0
0.2973074 -0.7159624 -0.6316694 0
-0.2072405 1.673453 -0.2511893 1

0.8960641 -0.02024522 0.4434631 0
0.3322024 0.6932171 -0.639603 0
0.2944672 -0.7204444 -0.6278924 0
-0.2281358 1.672762 -0.2614318 1

0.8965083 -0.01334009 0.4428263 0
0.329601 0.6879886 -0.6465563 0
0.2960342 -0.7255991 -0.6211842 0
-0.2472955 1.669856 -0.2707935 1

0.6086473 0.6788514 -0.410743 0
-0.4162981 -0.1674746 -0.8936711 0
0.6754586 -0.714922 -0.1806715 0
0.5597246 1.449542 -0.2265676 1

0.966235 -0.2129405 -0.145074 0
0.01933108 0.6213608 -0.7832863 0
-0.2569366 -0.7540342 -0.6044967 0
0.5642841 1.518628 -0.2700916 1

0.9665002 -0.2089117 -0.1491078 0
0.01336253 0.6211103 -0.7836093 0
-0.2563175 -0.7553663 -0.6030948 0
0.5867838 1.516137 -0.2725267 1

0.9667909 -0.2026771 -0.1556839 0
0.004153378 0.6215461 -0.7833667 0
-0.2555351 -0.7567052 -0.6017469 0
0.6090493 1.510106 -0.2756706 1

0.965674 -0.202615 -0.1625446 0
-0.00153318 0.6213003 -0.7835712 0
-0.2597522 -0.7569238 -0.599663 0
0.6289809 1.502389 -0.2781918 1

0.004838772 0.7670161 -0.6416099 0
-0.9677772 0.165129 0.1901056 0
-0.2517624 -0.6200154 -0.7430994 0
0.567767 1.527227 -0.3125466 1

0.7027758 -0.7073892 -0.07554366 0
0.2900004 0.3818256 -0.8775588 0
-0.6496201 -0.5948193 -0.4734807 0
-0.1779963 1.59274 -0.2486562 1

0.9140202 0.008316301 0.4055841 0
0.3827433 0.3136646 -0.8689779 0
0.134444 -0.9494976 -0.2835127 0
-0.1684757 1.709749 -0.2774236 1

0.9136003 0.006536469 0.406561 0
0.3838577 0.3159371 -0.8676621 0
0.1341191 -0.9487577 -0.2861311 0
-0.188265 1.713971 -0.2881828 1

0.912508 0.00275363 0.40905 0
0.3876337 0.3135654 -0.8668432 0
0.1306508 -0.9495626 -0.2850634 0
-0.2101339 1.710327 -0.2960916 1

0.9135503 0.01039009 0.4065934 0
0.3842097 0.3059581 -0.8710758 0
0.133451 -0.9519884 -0.2755159 0
-0.2351514 1.695204 -0.2946156 1

0.7908427 0.5862594 0.1756916 0
0.04140218 0.2351635 -0.9710738 0
0.6106173 -0.7752409 -0.1617049 0
0.5409325 1.441982 -0.2669086 1

0.9670103 -0.2286431 -0.1123102 0
-0.0609012 0.2205958 -0.9734622 0
-0.2473505 -0.9481879 -0.1993938 0
0.5653569 1.55311 -0.3135585 1

0.9674252 -0.2242756 -0.1174262 0
-0.06459238 0.2298195 -0.9710875 0
-0.244778 -0.9470395 -0.2078467 0
0.5875596 1.552194 -0.3180183 1

0.967975 -0.2177544 -0.1249296 0
-0.07161832 0.2374331 -0.9687604 0
-0.2406141 -0.946683 -0.2142342 0
0.6092744 1.543787 -0.318121 1

0.9670906 -0.2184063 -0.1305162 0
-0.0759014 0.2419635 -0.9673122 0
-0.2428471 -0.945385 -0.2174232 0
0.6289244 1.52528 -0.3070623 1

0.5794927 -0.808246 0.1045321 0
0.6013854 0.3375211 -0.7241655 0
-0.550022 -0.4825127 -0.6816581 0
-0.1629781 1.612513 -0.2941021 1

0.9043504 -0.002809912 0.426782 0
0.3599511 0.5423135 -0.7591651 0
0.2293163 -0.8401716 -0.4914525 0
-0.1554964 1.720385 -0.3068917 1

0.903977 -0.004582517 0.427557 0
0.3609326 0.5442931 -0.7572802 0
0.229246 -0.8388827 -0.4936822 0
-0.1741313 1.725604 -0.32013 1

0.9028479 -0.008227982 0.4298817 0
0.3652234 0.5422726 -0.7566718 0
0.2268873 -0.8401623 -0.4925947 0
-0.1956832 1.722017 -0.3284069 1

0.9036813 -0.001315184 0.4282037 0
0.3622854 0.5354427 -0.7629228 0
0.228275 -0.8445707 -0.4843458 0
-0.2243353 1.703817 -0.319138 1

0.7561696 0.6526947 0.04687648 0
-0.2290106 0.3310606 -0.9153979 0
0.6129941 -0.6814608 -0.3998119 0
0.5430765 1.45416 -0.3171954 1

0.966207 -0.2216449 -0.1315963 0
-0.01634025 0.4568307 -0.8894039 0
-0.257249 -0.8614985 -0.4377711 0
0.5632917 1.56059 -0.3465695 1

0.9665542 -0.2171389 -0.1364682 0
-0.02037551 0.4654193 -0.8848559 0
-0.2556515 -0.8580418 -0.4454286 0
0.5851814 1.560656 -0.3537735 1

0.9669626 -0.2105438 -0.143717 0
-0.02805091 0.4724721 -0.8808993 0
-0.25337 -0.8558282 -0.4509569 0
0.6066045 1.552638 -0.3542361 1

0.9660615 -0.2102571 -0.1500569 0
-0.03272515 0.4766124 -0.8785045 0
-0.2562306 -0.8535998 -0.4535562 0
0.6267877 1.532092 -0.3342937 1

0.5794927 -0.808246 0.1045321 0
0.6013854 0.3375211 -0.7241655 0
-0.550022 -0.4825127 -0.6816581 0
-0.144134 1.623089 -0.3167934 1

0.9043504 -0.002809912 0.426782 0
0.3599511 0.5423135 -0.7591651 0
0.2293163 -0.8401716 -0.4914525 0
-0.1461727 1.734433 -0.3265561 1

0.903977 -0.004582517 0.427557 0
0.3609326 0.5442931 -0.7572802 0
0.229246 -0.8388827 -0.4936822 0
-0.1669306 1.736463 -0.3352382 1

0.9028479 -0.008227982 0.4298817 0
0.3652234 0.5422726 -0.7566718 0
0.2268873 -0.8401623 -0.4925947 0
-0.1895458 1.731129 -0.3411224 1

0.9036813 -0.001315184 0.4282037 0
0.3622854 0.5354427 -0.7629228 0
0.228275 -0.8445707 -0.4843458 0
-0.2165342 1.715347 -0.3355658 1

0.7561696 0.6526947 0.04687648 0
-0.2290106 0.3310606 -0.9153979 0
0.6129941 -0.6814608 -0.3998119 0
0.5358996 1.464535 -0.3458827 1

0.966207 -0.2216449 -0.1315963 0
-0.01634025 0.4568307 -0.8894039 0
-0.257249 -0.8614985 -0.4377711 0
0.5628684 1.572423 -0.3696072 1

0.9665542 -0.2171389 -0.1364682 0
-0.02037551 0.4654193 -0.8848559 0
-0.2556515 -0.8580418 -0.4454286 0
0.5847749 1.569942 -0.3714272 1

0.9669626 -0.2105438 -0.143717 0
-0.02805091 0.4724721 -0.8808993 0
-0.25337 -0.8558282 -0.4509569 0
0.6061331 1.560578 -0.3690391 1

0.9660615 -0.2102571 -0.1500569 0
-0.03272515 0.4766124 -0.8785045 0
-0.2562306 -0.8535998 -0.4535562 0
0.626083 1.542355 -0.3532103 1

0.9961793 -0.08550279 0.01777839 0
0.08395717 0.9936756 0.07456528 0
0.02404149 0.07278776 -0.9970576 0
0.01131667 0.9067612 -0.001121443 1

0.9819615 -0.1884409 0.0155372 0
0.1889845 0.9807603 -0.04892749 0
0.00601833 -0.0509812 -0.9986814 0
0.01944181 0.9995888 -0.00996674 1

-0.8752413 -0.1135876 0.4701605 0
0.003910929 -0.9736651 -0.2279504 0
-0.4836711 0.1976728 -0.8526357 0
-0.08740122 0.8824726 -0.005274876 1

-0.8581958 -0.1870009 -0.4780487 0
0.3148457 -0.9272944 -0.2024781 0
0.4054283 0.3242774 -0.8546765 0
0.1045384 0.8659989 -0.001849389 1

0.9754648 -0.2191708 0.02079961 0
0.2185731 0.9754288 0.02765206 0
0.02634906 0.02242737 -0.9994012 0
0.050161 1.15901 -0.01791984 1

-0.9590545 -0.01313914 0.2829174 0
0.1364136 -0.8968505 0.4207739 0
-0.2482059 -0.4421391 -0.8619206 0
-0.08576509 0.4751444 -0.1006369 1

-0.9158778 -0.2840422 -0.2837037 0
0.1561761 -0.903109 0.4000044 0
0.3698335 -0.3220475 -0.8714979 0
0.2362527 0.4780697 -0.08655514 1

0.9678921 -0.2499279 0.02684921 0
0.2512561 0.9650916 -0.07394853 0
0.007430147 -0.07832024 -0.9969004 0
0.08010712 1.292651 -0.0141313 1

-0.9992754 0.009089775 0.03696354 0
-0.02864488 -0.8190773 -0.5729679 0
-0.02506769 0.5736115 -0.8187438 0
-0.03264121 0.1258817 0.06322609 1

-0.9994177 -0.006335601 0.0335261 0
-0.01411762 -0.8177606 -0.5753856 0
-0.03106171 0.5755238 -0.817195 0
0.2970728 0.1263692 0.06921982 1

0.9681032 -0.2495761 0.02208707 0
0.2491906 0.9499212 -0.1885565 0
-0.02607819 -0.188046 -0.981814 0
0.1146515 1.429991 0.01901344 1

-0.08369157 -0.04675236 -0.9953944 0
-0.9941559 0.07227191 0.08019292 0
-0.06818991 -0.9962886 0.05252777 0
0.04595129 1.409292 0.01450074 1

-0.1140779 0.2046049 0.9721744 0
0.9279189 -0.3276281 0.1778378 0
-0.3548982 -0.9223863 0.1524817 0
0.1648907 1.378581 0.01779996 1

-0.9878442 0.000731416 0.1554463 0
-0.1554454 -0.01030681 -0.9877907 0
-0.0008796677 0.999947 -0.01029505 0
-0.03699524 0.001382053 -0.02386504 1

-0.9962716 -0.01692921 -0.08459455 0
0.08327067 0.06768798 -0.9942254 0
-0.02255746 0.997563 0.0660258 0
0.2949269 0.002069652 -0.01823875 1

0.9681032 -0.2495761 0.02208707 0
0.2491906 0.9499212 -0.1885565 0
-0.02607819 -0.188046 -0.981814 0
0.1252247 1.469475 0.001729663 1

0.09577277 0.700388 -0.7073079 0
-0.9918404 0.007079132 -0.1272898 0
0.08414509 -0.7137273 -0.6953508 0
-0.07798018 1.418301 0.02449759 1

-0.1439797 -0.7419602 0.6548017 0
0.9100104 -0.3592353 -0.2069562 0
-0.388781 -0.5660789 -0.7269139 0
0.2805647 1.337739 0.03996915 1

-0.9878442 0.000731416 0.1554463 0
-0.1554454 -0.01030681 -0.9877907 0
-0.0008796677 0.999947 -0.01029505 0
-0.06575266 -0.0005247593 -0.2066064 1

-0.9962716 -0.01692921 -0.08459455 0
0.08327067 0.06768798 -0.9942254 0
-0.02255746 0.997563 0.0660258 0
0.310332 0.01459187 -0.2021705 1

0.9894876 -0.08482257 -0.1171294 0
0.07180977 0.9912034 -0.1111724 0
-0.125529 -0.1015927 -0.9868746 0
0.1350348 1.50611 -0.01429184 1

0.9090271 -0.1614112 0.3842086 0
0.4018483 0.5837402 -0.7055251 0
0.1103983 -0.7957349 -0.5954983 0
-0.352591 1.420261 -0.01074514 1

0.9067668 -0.3748251 -0.1930809 0
0.1631665 0.7342075 -0.6590266 0
-0.3887812 -0.5660791 -0.7269139 0
0.5325192 1.238278 -0.01733081 1

0.9894876 -0.08482257 -0.1171294 0
0.07180977 0.9912034 -0.1111724 0
-0.125529 -0.1015927 -0.9868746 0
0.1504848 1.877051 -0.1515964 1

-0.1255269 -0.1015929 -0.9868749 0
-0.9894879 0.08482233 0.1171273 0
-0.07180977 -0.9912034 0.1111724 0
0.07901862 1.657298 -0.1624262 1

0.1255457 0.1015934 0.9868724 0
0.9894854 -0.08482429 -0.1171459 0
-0.07180952 -0.9912031 0.1111745 0
0.1797496 1.648663 -0.1743502 1

0.8798599 -0.06402128 0.4709013 0
0.3098168 0.8286439 -0.4662221 0
0.3603613 -0.556103 -0.7489253 0
-0.2404963 1.583095 -0.2075499 1

0.9753925 -0.1321635 -0.1764722 0
-0.01371757 0.7624856 -0.64686 0
-0.2200486 -0.6333629 -0.7419096 0
0.5780342 1.443084 -0.201165 1

0.372119 -0.8464852 0.3807757 0
0.6102912 -0.08595513 -0.7875001 0
-0.699337 -0.5254278 -0.484617 0
-0.2073427 1.593714 -0.2185718 1

0.9024214 -0.004805818 0.4308281 0
0.3319027 0.645353 -0.6880116 0
0.2747297 -0.7638692 -0.5839755 0
-0.1875868 1.667338 -0.2481905 1

0.9020603 -0.006396577 0.4315627 0
0.3368745 0.6355133 -0.6947219 0
0.2698199 -0.7720633 -0.5754262 0
-0.2084211 1.669873 -0.2570156 1

0.8995284 -0.01212102 0.4366941 0
0.3478611 0.6245795 -0.699209 0
0.264275 -0.780867 -0.5660433 0
-0.2293893 1.669023 -0.2670958 1

0.9020393 -0.001708791 0.4316503 0
0.3421961 0.6123652 -0.7126785 0
0.2631099 -0.7905731 -0.5529622 0
-0.2486147 1.665972 -0.2762752 1

0.5910319 0.7083068 -0.3859831 0
-0.3700933 -0.1870585 -0.9099671 0
0.7167373 -0.6806694 -0.1515822 0
0.5518284 1.455566 -0.2233229 1

0.9749708 -0.1850208 -0.123286 0
0.005099624 0.5729734 -0.8195582 0
-0.2222748 -0.7984163 -0.5595757 0
0.5545266 1.524483 -0.2672683 1

0.9751108 -0.1775885 -0.1327449 0
-0.007295072 0.5726885 -0.8197405 0
-0.2215979 -0.8003063 -0.5571391 0
0.57713 1.52277 -0.2693961 1

0.9750046 -0.1658616 -0.1478377 0
-0.02683182 0.5726148 -0.8193853 0
-0.2205586 -0.8028714 -0.5538517 0
0.5996331 1.517507 -0.2722108 1

0.9736931 -0.16265 -0.1595838 0
-0.03893233 0.5712977 -0.8198191 0
-0.2245134 -0.804465 -0.5499362 0
0.6198549 1.510481 -0.274421 1

-0.01371767 0.7624856 -0.6468601 0
-0.9753926 0.1321634 0.1764723 0
-0.2200486 -0.6333629 -0.7419096 0
0.5582614 1.532921 -0.3097343 1

0.7087339 -0.6967092 -0.1108719 0
0.2523036 0.397084 -0.8824213 0
-0.6588165 -0.5974284 -0.4572091 0
-0.1797946 1.589834 -0.254119 1

0.9200544 0.01671222 0.3914339 0
0.3783649 0.2214021 -0.8987888 0
0.1016851 -0.9750392 -0.1973787 0
-0.1691687 1.703151 -0.2863702 1

0.9191084 0.01405232 0.3937545 0
0.3807573 0.2252903 -0.8968101 0
0.1013113 -0.9741902 -0.2017155 0
-0.1888641 1.706767 -0.2973471 1

0.9165524 0.007408716 0.3998457 0
0.3885455 0.2202072 -0.8947296 0
0.09467769 -0.9754251 -0.1989528 0
-0.2105389 1.702869 -0.3049857 1

0.9195934 0.01806129 0.392456 0
0.3810522 0.2021784 -0.9021768 0
0.09564058 -0.9791822 -0.1790395 0
-0.2360065 1.688535 -0.3025337 1

0.7528712 0.6214747 0.2166893 0
0.07748324 0.2432507 -0.9668638 0
0.6535912 -0.7447138 -0.1349825 0
0.5351221 1.447122 -0.2643997 1

0.9760078 -0.1987887 -0.08883406 0
-0.05949087 0.1490008 -0.9870461 0
-0.2094499 -0.9686497 -0.1335995 0
0.5548096 1.556279 -0.312748 1

0.9764648 -0.190944 -0.1002841 0
-0.06791199 0.1691127 -0.9832543 0
-0.2047057 -0.9669237 -0.1521651 0
0.5767065 1.556017 -0.3169852 1

0.9768964 -0.178842 -0.1170001 0
-0.08351137 0.184486 -0.9792809 0
-0.1967213 -0.9664268 -0.1652881 0
0.598179 1.548537 -0.316613 1

0.9760194 -0.1761178 -0.1279412 0
-0.09314238 0.1933442 -0.9766999 0
-0.1967508 -0.9651946 -0.1723036 0
0.6184205 1.53153 -0.3046271 1

0.6200694 -0.7829351 0.05026568 0
0.5441225 0.3830091 -0.7464815 0
-0.5651945 -0.4902209 -0.663505 0
-0.1667285 1.610398 -0.2998168 1

0.9103895 0.007864498 0.4136778 0
0.3641049 0.4596479 -0.810032 0
0.1965165 -0.8880665 -0.4155949 0
-0.1563378 1.710659 -0.3168492 1

0.9094566 0.00515426 0.4157672 0
0.3663213 0.4631377 -0.8070393 0
0.1967171 -0.8862712 -0.4193153 0
-0.1748446 1.715062 -0.3303676 1

0.9067649 -0.001285478 0.4216347 0
0.3752891 0.4582685 -0.8056974 0
0.1921862 -0.8888127 -0.4160241 0
-0.1960543 1.711078 -0.3383404 1

0.9096605 0.008968562 0.4152561 0
0.3688909 0.4420238 -0.8176396 0
0.1908861 -0.8969584 -0.3987832 0
-0.2252792 1.694227 -0.3279316 1

0.7286925 0.6772476 0.1017 0
-0.1824129 0.3350781 -0.9243639 0
0.6601006 -0.6550257 -0.3677078 0
0.5391345 1.459718 -0.3144684 1

0.9751335 -0.1932026 -0.1085711 0
-0.02470386 0.392086 -0.919597 0
-0.2202376 -0.8994118 -0.3775633 0
0.5527923 1.561332 -0.3462198 1

0.9754211 -0.1849856 -0.119725 0
-0.03385119 0.4110918 -0.9109656 0
-0.2177333 -0.8926277 -0.3947255 0
0.5742061 1.562243 -0.3531885 1

0.9755329 -0.1726525 -0.1361127 0
-0.05081289 0.4252833 -0.9036329 0
-0.2139008 -0.8884397 -0.4061049 0
0.5950657 1.555414 -0.3531203 1

0.9744813 -0.1689469 -0.1477955 0
-0.06124638 0.433319 -0.8991571 0
-0.2159523 -0.8852637 -0.4119138 0
0.6157984 1.536973 -0.332123 1

0.6200694 -0.7829351 0.05026568 0
0.5441225 0.3830091 -0.7464815 0
-0.5651945 -0.4902209 -0.663505 0
-0.1496788 1.622399 -0.3232074 1

0.9103895 0.007864498 0.4136778 0
0.3641049 0.4596479 -0.810032 0
0.1965165 -0.8880665 -0.4155949 0
-0.1469066 1.722565 -0.3378312 1

0.9094566 0.00515426 0.4157672 0
0.3663213 0.4631377 -0.8070393 0
0.1967171 -0.8862712 -0.4193153 0
-0.1675363 1.724302 -0.3464685 1

0.9067649 -0.001285478 0.4216347 0
0.3752891 0.4582685 -0.8056974 0
0.1921862 -0.8888127 -0.4160241 0
-0.1897477 1.718779 -0.3518798 1

0.9096605 0.008968562 0.4152561 0
0.3688909 0.4420238 -0.8176396 0
0.1908861 -0.8969584 -0.3987832 0
-0.217336 1.703744 -0.3455376 1

0.7286925 0.6772476 0.1017 0
-0.1824129 0.3350781 -0.9243639 0
0.6601006 -0.6550257 -0.3677078 0
0.533418 1.470219 -0.3434367 1

0.9751335 -0.1932026 -0.1085711 0
-0.02470386 0.392086 -0.919597 0
-0.2202376 -0.8994118 -0.3775633 0
0.5521524 1.571488 -0.3700395 1

0.9754211 -0.1849856 -0.119725 0
-0.03385119 0.4110918 -0.9109656 0
-0.2177333 -0.8926277 -0.3947255 0
0.5735307 1.570445 -0.3713631 1

0.9755329 -0.1726525 -0.1361127 0
-0.05081289 0.4252833 -0.9036329 0
-0.2139008 -0.8884397 -0.4061049 0
0.5942119 1.562561 -0.3683055 1

0.9744813 -0.1689469 -0.1477955 0
-0.06124638 0.433319 -0.8991571 0
-0.2159523 -0.8852637 -0.4119138 0
0.6144796 1.546304 -0.3514841 1

0.9978049 -0.06500638 0.01262682 0
0.06388252 0.9951316 0.07504766 0
0.01744393 0.07407629 -0.9971 0
0.01812957 0.9061289 -0.002117435 1

0.9860696 -0.1659734 0.01092671 0
0.166298 0.9850767 -0.04437281 0
0.003398943 -0.04557177 -0.9989552 0
0.02429851 0.9991112 -0.01091889 1

-0.8724161 -0.1034467 0.4776914 0
-0.0134659 -0.9718876 -0.2350606 0
-0.4885785 0.2115032 -0.8464972 0
-0.08008784 0.8798181 -0.005790366 1

-0.8648774 -0.1833842 -0.4672876 0
0.3059536 -0.9305703 -0.2010762 0
0.3979696 0.3168745 -0.860936 0
0.112165 0.8672936 -0.003357461 1

0.9805903 -0.1953942 0.01624454 0
0.1948164 0.980327 0.03171225 0
0.02212134 0.02793202 -0.999365 0
0.05133003 1.159234 -0.01813163 1

-0.9549525 -0.0006792247 0.2967583 0
0.1344577 -0.8924544 0.4306351 0
-0.2645507 -0.4511375 -0.8523427 0
-0.08572122 0.4732335 -0.1041269 1

-0.9217249 -0.2730693 -0.2754211 0
0.1466544 -0.9027957 0.4042929 0
0.3590489 -0.3322552 -0.8721757 0
0.2401593 0.4779939 -0.08747674 1

0.9741094 -0.2249771 0.02227571 0
0.2260028 0.9715781 -0.07041606 0
0.005800588 -0.07362732 -0.9972689 0
0.07802129 1.293546 -0.01378682 1

-0.9992892 0.009184342 0.03656147 0
-0.02845172 -0.8200055 -0.5716482 0
-0.02473035 0.5722821 -0.8196838 0
-0.03335905 0.1256829 0.06357633 1

-0.9994047 -0.007360019 0.03370876 0
-0.01329988 -0.8193032 -0.5732065 0
-0.03183656 0.5733136 -0.8187173 0
0.2972713 0.1264154 0.06996831 1

0.9746701 -0.2229449 0.01771021 0
0.2223221 0.9572446 -0.1850829 0
-0.02431029 -0.1843321 -0.9825633 0
0.1091321 1.431582 0.01986418 1

-0.08582874 -0.05040743 -0.9950341 0
-0.9951991 0.05148574 0.08323466 0
-0.04703451 -0.9974008 0.05458451 0
0.04097272 1.409137 0.01550005 1

-0.1115807 0.1924576 0.9749408 0
0.9371561 -0.3059879 0.1676596 0
-0.3305876 -0.9323794 0.1462206 0
0.1606761 1.381492 0.01823726 1

-0.9879042 0.001017995 0.1550621 0
-0.1550632 -0.0119054 -0.9878329 0
-0.0008404627 0.9999288 -0.01191914 0
-0.03768371 0.001042068 -0.02331419 1

-0.9962661 -0.01826424 -0.0843839 0
0.08303298 0.06513634 -0.9944158 0
-0.02365873 0.9977094 0.06337672 0
0.2952497 0.001881361 -0.01715909 1

0.9746701 -0.2229449 0.01771021 0
0.2223221 0.9572446 -0.1850829 0
-0.02431029 -0.1843321 -0.9825633 0
0.1185556 1.471418 0.002724199 1

0.1097062 0.7187516 -0.6865575 0
-0.9859521 -0.008834004 -0.1667953 0
0.1259493 -0.6952108 -0.7076852 0
-0.0830888 1.415555 0.02587608 1

-0.1493085 -0.736677 0.6595558 0
0.9139403 -0.3574007 -0.192296 0
-0.3773858 -0.5740831 -0.7266418 0
0.2775016 1.343348 0.03913764 1

-0.9879042 0.001017995 0.1550621 0
-0.1550632 -0.0119054 -0.9878329 0
-0.0008404627 0.9999288 -0.01191914 0
-0.06637041 -0.001160443 -0.2060633 1

-0.9962661 -0.01826424 -0.0843839 0
0.08303298 0.06513634 -0.9944158 0
-0.02365873 0.9977094 0.06337672 0
0.3106108 0.01393163 -0.201126 1

0.9913537 -0.06537964 -0.1137683 0
0.052262 0.9920256 -0.1146905 0
-0.1203595 -0.1077531 -0.9868652 0
0.127299 1.50838 -0.01316387 1

0.905239 -0.1759752 0.3867496 0
0.4099728 0.6008965 -0.686182 0
0.1116454 -0.7797154 -0.6161 0
-0.3560694 1.413109 -0.02030452 1

0.9160666 -0.3463687 -0.2021162 0
0.1356544 0.741928 -0.6566132 0
-0.3773859 -0.5740832 -0.7266417 0
0.5305442 1.244395 -0.01410335 1

0.9913537 -0.06537964 -0.1137683 0
0.052262 0.9920256 -0.1146905 0
-0.1203595 -0.1077531 -0.9868652 0
0.1357371 1.879044 -0.1518189 1

-0.1203574 -0.1077532 -0.9868653 0
-0.9913539 0.06537943 0.1137662 0
-0.052262 -0.9920256 0.1146905 0
0.06872781 1.657863 -0.162039 1

0.1203762 0.1077541 0.9868631 0
0.9913517 -0.06538146 -0.1137848 0
-0.05226173 -0.9920253 0.1146926 0
0.1696488 1.651207 -0.1736208 1

0.8844315 -0.05998371 0.4627992 0
0.3057284 0.823727 -0.4774981 0
0.3525779 -0.5638049 -0.7468686 0
-0.2417083 1.580728 -0.2117136 1

0.9825293 -0.09245428 -0.1615196 0
-0.03501377 0.760552 -0.6483324 0
-0.1827851 -0.6426608 -0.7440271 0
0.5683848 1.451354 -0.1972643 1

0.3868589 -0.8485374 0.3610049 0
0.5843753 -0.07724832 -0.8077983 0
-0.7133344 -0.5234665 -0.46598 0
-0.2086584 1.591213 -0.2231679 1

0.9091729 0.00347643 0.4164048 0
0.3384831 0.5762942 -0.7438511 0
0.2425575 -0.8172351 -0.5227742 0
-0.1891488 1.664523 -0.2537128 1

0.9084955 0.001535658 0.4178921 0
0.3456992 0.5590832 -0.7536035 0
0.2347935 -0.8291103 -0.5073935 0
-0.2100675 1.666985 -0.2623564 1

0.9039067 -0.006439514 0.4276817 0
0.3631656 0.5398014 -0.7594243 0
0.2259727 -0.8417678 -0.4902685 0
-0.2311349 1.666051 -0.2722201 1

0.9091472 0.007190824 0.4164131 0
0.3527682 0.5181649 -0.7791405 0
0.2213732 -0.8552504 -0.4685515 0
-0.2504521 1.662923 -0.2811782 1

0.5666444 0.7451105 -0.3517454 0
-0.3153272 -0.1982972 -0.9280339 0
0.7612377 -0.63678 -0.1225896 0
0.54203 1.462731 -0.2198365 1

0.9836789 -0.1504842 -0.09864258 0
-0.007013716 0.515734 -0.8567199 0
-0.1797962 -0.8434291 -0.5062612 0
0.5425799 1.531651 -0.2638573 1

0.9834897 -0.1401054 -0.1145365 0
-0.02662751 0.5139943 -0.8573803 0
-0.1789947 -0.8462743 -0.5017773 0
0.5652639 1.530859 -0.2656412 1

0.9823479 -0.1233137 -0.1406645 0
-0.05848891 0.5117835 -0.8571213 0
-0.1776845 -0.8502184 -0.4955368 0
0.5880029 1.526515 -0.2681073 1

0.9802185 -0.1169166 -0.1596949 0
-0.07912204 0.5081049 -0.8576534 0
-0.1814156 -0.8533229 -0.488803 0
0.6085256 1.520317 -0.2700001 1

-0.03501391 0.760552 -0.6483325 0
-0.9825295 0.09245419 0.1615197 0
-0.1827851 -0.6426608 -0.7440271 0
0.5466095 1.540185 -0.306277 1

0.712381 -0.6833799 -0.1597034 0
0.2069216 0.4219815 -0.8826751 0
-0.6705945 -0.5957547 -0.4420175 0
-0.1822801 1.587726 -0.2596314 1

0.9275635 0.02141881 0.3730515 0
0.3684728 0.1134314 -0.9226923 0
0.06207867 -0.9933149 -0.09732238 0
-0.1703654 1.696504 -0.2949913 1

0.9260277 0.01808915 0.3770226 0
0.3724123 0.118959 -0.9204118 0
0.06149953 -0.9927345 -0.1034224 0
-0.1899982 1.699442 -0.3061063 1

0.9214552 0.008820836 0.3883847 0
0.3851027 0.1108921 -0.9161874 0
0.05115017 -0.9937936 -0.0987849 0
-0.2114553 1.695303 -0.3133729 1

0.9270741 0.02200091 0.3742323 0
0.371482 0.08015589 -0.9249737 0
0.05034706 -0.9965397 -0.06613719 0
-0.2374545 1.682015 -0.3098854 1

0.7039132 0.6573876 0.2689759 0
0.1177433 0.2654509 -0.9569077 0
0.7004589 -0.7052501 -0.1094515 0
0.5277959 1.45378 -0.2617288 1

0.9848387 -0.1618995 -0.06230048 0
-0.05212519 0.06635778 -0.9964334 0
-0.1654563 -0.9845734 -0.05691265 0
0.5421907 1.56027 -0.3113993 1

0.9851676 -0.1511107 -0.08130584 0
-0.06679381 0.09875391 -0.9928678 0
-0.1580622 -0.9835716 -0.08719584 0
0.5637181 1.560698 -0.3154155 1

0.9848915 -0.1338949 -0.1098236 0
-0.09369827 0.1213118 -0.9881822 0
-0.1456354 -0.9835423 -0.106933 0
0.5848334 1.554248 -0.3145544 1

0.9834298 -0.1277525 -0.1286287 0
-0.1113153 0.1344968 -0.9846418 0
-0.1430906 -0.9826444 -0.1180472 0
0.6056104 1.539038 -0.3016002 1

0.6606432 -0.7502795 -0.02513172 0
0.4713592 0.4406364 -0.7639769 0
-0.5842701 -0.4928698 -0.6447544 0
-0.1715643 1.609579 -0.3053423 1

0.918019 0.01527345 0.3962428 0
0.3646752 0.3599292 -0.8587568 0
0.1557353 -0.9328547 -0.3248516 0
-0.15787 1.70035 -0.3262809 1

0.9164544 0.01183046 0.3999645 0
0.3684231 0.3650656 -0.8549806 0
0.1561279 -0.9309069 -0.330207 0
-0.1762861 1.703822 -0.3399958 1

0.9116234 0.002833001 0.4110173 0
0.38303 0.3568888 -0.8520088 0
0.149101 -0.9341429 -0.3242627 0
-0.1970989 1.699437 -0.3475276 1

0.9172125 0.01603454 0.3980758 0
0.3712015 0.3284514 -0.8685215 0
0.1446748 -0.9443849 -0.2953073 0
-0.2269966 1.684271 -0.335925 1

0.6909212 0.7017105 0.1738693 0
-0.1272899 0.3548323 -0.9262241 0
0.7116356 -0.6178159 -0.3344818 0
0.5338931 1.467526 -0.311282 1

0.9839983 -0.1579615 -0.08243693 0
-0.02882784 0.3154293 -0.9485112 0
-0.1758313 -0.9357096 -0.3058281 0
0.540423 1.562521 -0.3451893 1

0.9840233 -0.1465344 -0.1011232 0
-0.0446834 0.3465389 -0.9369708 0
-0.1723415 -0.9265196 -0.3344546 0
0.5612588 1.564334 -0.3519727 1

0.9831932 -0.1289367 -0.1292541 0
-0.07369851 0.3674288 -0.9271272 0
-0.1670323 -0.9210706 -0.3517508 0
0.5813403 1.558771 -0.3513934 1

0.9813416 -0.1217818 -0.1487885 0
-0.09250939 0.3793276 -0.920626 0
-0.1685551 -0.9172131 -0.3609841 0
0.6024767 1.542825 -0.3293195 1

0.6606432 -0.7502795 -0.02513172 0
0.4713592 0.4406364 -0.7639769 0
-0.5842701 -0.4928698 -0.6447544 0
-0.1567945 1.623386 -0.3292811 1

0.918019 0.01527345 0.3962428 0
0.3646752 0.3599292 -0.8587568 0
0.1557353 -0.9328547 -0.3248516 0
-0.148424 1.709673 -0.3485249 1

0.9164544 0.01183046 0.3999645 0
0.3684231 0.3650656 -0.8549806 0
0.1561279 -0.9309069 -0.330207 0
-0.1689358 1.711106 -0.3570531 1

0.9116234 0.002833001 0.4110173 0
0.38303 0.3568888 -0.8520088 0
0.149101 -0.9341429 -0.3242627 0
-0.1906622 1.705434 -0.3618453 1

0.9172125 0.01603454 0.3980758 0
0.3712015 0.3284514 -0.8685215 0
0.1446748 -0.9443849 -0.2953073 0
-0.2190036 1.691344 -0.3546267 1

0.6909212 0.7017105 0.1738693 0
-0.1272899 0.3548323 -0.9262241 0
0.7116356 -0.6178159 -0.3344818 0
0.529904 1.478646 -0.3403086 1

0.9839983 -0.1579615 -0.08243693 0
-0.02882784 0.3154293 -0.9485112 0
-0.1758313 -0.9357096 -0.3058281 0
0.5396764 1.570691 -0.3697581 1

0.9840233 -0.1465344 -0.1011232 0
-0.0446834 0.3465389 -0.9369708 0
-0.1723415 -0.9265196 -0.3344546 0
0.5603673 1.571248 -0.3706661 1

0.9831932 -0.1289367 -0.1292541 0
-0.07369851 0.3674288 -0.9271272 0
-0.1670323 -0.9210706 -0.3517508 0
0.5801019 1.564945 -0.3669734 1

0.9813416 -0.1217818 -0.1487885 0
-0.09250939 0.3793276 -0.920626 0
-0.1685551 -0.9172131 -0.3609841 0
0.6004847 1.550993 -0.3491431 1

0.9990662 -0.04249383 0.00780926 0
0.04177871 0.9962286 0.07604735 0
0.01101135 0.07565007 -0.9970737 0
0.02583982 0.9052734 -0.003228736 1

0.9900293 -0.1407192 0.00632329 0
0.1408594 0.9892477 -0.03933942 0
0.0007194867 -0.03983789 -0.9992059 0
0.02986795 0.9983817 -0.01193754 1

-0.8688839 -0.09221041 0.4863518 0
-0.03280507 -0.9696112 -0.2424419 0
-0.4939278 0.2266086 -0.8394545 0
-0.07177557 0.8767579 -0.006470276 1

-0.8713351 -0.1791439 -0.4568185 0
0.2967246 -0.933836 -0.1997631 0
0.3908071 0.3096098 -0.8668401 0
0.1207203 0.868571 -0.004965598 1

0.9856047 -0.1686622 0.01167894 0
0.1681471 0.9850986 0.0361571 0
0.01760324 0.03367283 -0.9992779 0
0.05276446 1.159183 -0.01833212 1

-0.9503208 0.01226062 0.3110308 0
0.1330064 -0.8874141 0.441368 0
-0.2814245 -0.4608104 -0.8416973 0
-0.08549942 0.4711256 -0.1078947 1

-0.9277416 -0.2605124 -0.2672624 0
0.1354825 -0.9023167 0.4092302 0
0.3477648 -0.3434506 -0.8724113 0
0.2448536 0.4779051 -0.08853556 1

0.9802641 -0.1969015 0.01766686 0
0.1976486 0.9780083 -0.0665949 0
0.004165702 -0.06877243 -0.9976238 0
0.07580185 1.294148 -0.01337833 1

-0.9992971 0.009369258 0.03629631 0
-0.02841134 -0.820946 -0.5702987 0
-0.02445409 0.5709291 -0.8206351 0
-0.03370241 0.1255379 0.06398823 1

-0.9993839 -0.008442927 0.03407112 0
-0.01253314 -0.8208337 -0.5710303 0
-0.03278802 0.5711055 -0.8202218 0
0.297615 0.1265132 0.07083224 1

0.9810848 -0.1931169 0.01335621 0
0.1923071 0.9644262 -0.1813841 0
-0.02214724 -0.1805217 -0.9833217 0
0.103049 1.432865 0.0208184 1

-0.08757733 -0.05500089 -0.9946384 0
-0.9958661 0.02899772 0.08608182 0
-0.02410777 -0.9980653 0.05731317 0
0.03554868 1.408485 0.01659445 1

-0.1081907 0.179301 0.9778272 0
0.9466973 -0.2816165 0.1563855 0
-0.3034124 -0.9426258 0.1392755 0
0.1560083 1.38429 0.01876531 1

-0.9879428 0.001397435 0.1548131 0
-0.1548178 -0.01351932 -0.9878505 0
-0.0007125214 0.9999079 -0.01357259 0
-0.03802095 0.0007540584 -0.02269717 1

-0.9962726 -0.01965615 -0.08399323 0
0.08261814 0.06259973 -0.9946133 0
-0.02480827 0.9978454 0.06074248 0
0.29571 0.001746356 -0.01596438 1

0.9810848 -0.1931169 0.01335621 0
0.1923071 0.9644262 -0.1813841 0
-0.02214724 -0.1805217 -0.9833217 0
0.1111899 1.473048 0.003831928 1

0.1234543 0.7392721 -0.6619943 0
-0.977951 -0.02259496 -0.2076092 0
0.1684372 -0.6730279 -0.7201822 0
-0.08859599 1.4121 0.0273254 1

-0.1530501 -0.7310303 0.664959 0
0.9184562 -0.3535604 -0.1772944 0
