MeshAnim
1
40
69
60
0.9883123 0.01916708 0.1512331 0
0.04291138 0.9169697 -0.3966425 0
0.1462786 -0.3984963 -0.9054299 0
0.0002161132 0.8671268 0.001633102 1

0.9982351 -0.02498315 0.05387491 0
0.05259809 0.7931232 -0.6067859 0
0.02757002 -0.6085487 -0.7930375 0
0.006482086 0.9454445 -0.04924226 1

-0.9956813 -0.089505 0.0246491 0
0.04710652 -0.7158763 -0.6966362 0
-0.07999813 0.6924665 -0.717001 0
-0.09640035 0.8352653 4.683202E-05 1

-0.9979991 0.06306449 -0.004562125 0
-0.06262924 -0.9958681 -0.06576023 0
0.008690402 0.06534301 -0.9978251 0
0.0940235 0.838959 0.02918552 1

0.9990884 -0.03502382 0.02440622 0
0.04268878 0.8198082 -0.5710449 0
8.225441E-06 -0.5715662 -0.820556 0
0.01503184 1.074366 -0.1478745 1

-0.9969891 -0.07567813 -0.01690117 0
0.02279201 -0.4943315 0.8689747 0
0.07411715 -0.8659729 -0.4945679 0
-0.07669356 0.5357819 -0.2913877 1

-0.9983448 0.01152563 -0.05634874 0
-0.04779269 -0.7112964 0.7012656 0
0.03199813 -0.7027978 -0.7106697 0
0.06782286 0.4223423 0.001675035 1

0.9989411 -0.04569453 -0.005343542 0
0.03008478 0.7366921 -0.6755587 0
-0.03480589 -0.6746827 -0.7372868 0
0.02088051 1.186685 -0.2261119 1

-0.9958219 0.08939651 0.01863317 0
-0.07625037 -0.9262947 0.3690039 0
-0.05024746 -0.3660414 -0.929241 0
-0.06781762 0.3432732 0.04701909 1

-0.999273 0.02465943 -0.02908198 0
-0.01508308 -0.9561513 -0.2924848 0
0.03501926 0.2918336 -0.9558278 0
0.04921081 0.1453399 0.274771 1

0.9995466 -0.03010495 -0.0001912713 0
0.02155407 0.7200465 -0.693591 0
-0.02101825 -0.6932725 -0.7203691 0
0.02657103 1.318296 -0.2877592 1

0.1960413 -0.6910664 -0.6956975 0
-0.9548644 -0.2959927 0.02494998 0
0.2231633 -0.6594055 0.7179016 0
-0.03611168 1.290132 -0.2666357 1

0.06875595 0.7333246 0.676393 0
0.9947287 -0.1020931 0.00957118 0
-0.07607386 -0.6721696 0.7364787 0
0.08664283 1.284518 -0.2672935 1

-0.978099 0.1963754 0.06898488 0
-0.2021986 -0.8178493 -0.5387378 0
0.04937559 0.5408875 -0.8396443 0
-0.07940766 0.2024763 0.1031077 1

-0.9900846 0.0008991808 -0.1404703 0
0.1404721 0.01022303 -0.9900318 0
-0.000545809 0.9999474 0.01024786 0
0.04691818 4.887581E-06 0.2303134 1

0.9995466 -0.03010495 -0.0001912713 0
0.02155407 0.7200465 -0.693591 0
-0.02101825 -0.6932725 -0.7203691 0
0.02731166 1.343121 -0.3245384 1

0.1322033 -0.01938321 -0.9910333 0
-0.5664487 -0.8219473 -0.05948792 0
0.8134238 -0.5692338 0.1196438 0
-0.1551451 1.253234 -0.2635254 1

0.8776459 0.1371669 0.4592634 0
0.3737795 -0.7956747 -0.4766455 0
-0.3000442 -0.5899892 0.7495908 0
0.2106453 1.271791 -0.2661003 1

-0.978099 0.1963754 0.06898488 0
-0.2021986 -0.8178493 -0.5387378 0
0.04937559 0.5408875 -0.8396443 0
-0.1168144 0.05117428 0.003441225 1

-0.9900846 0.0008991808 -0.1404703 0
0.1404721 0.01022303 -0.9900318 0
-0.000545809 0.9999474 0.01024786 0
0.07290551 0.001896203 0.04715744 1

0.9961922 0.07297677 0.04770339 0
-0.05155233 0.9343038 -0.3527305 0
0.07031062 -0.3489282 -0.9345083 0
0.02799911 1.366162 -0.3586511 1

0.5455815 0.8179652 0.1824128 0
0.2017 0.08310369 -0.9759158 0
0.8134238 -0.5692338 0.1196437 0
-0.3119776 1.025661 -0.2799958 1

0.3412277 -0.8001832 -0.4932247 0
-0.890807 -0.1077918 -0.441411 0
-0.3000441 -0.5899897 0.7495905 0
0.3141336 1.051493 -0.3980691 1

0.9961922 0.07297677 0.04770339 0
-0.05155233 0.9343038 -0.3527305 0
0.07031062 -0.3489282 -0.9345083 0
0.01484784 1.691522 -0.5837211 1

0.07031273 -0.348928 -0.9345083 0
-0.996192 -0.07297753 -0.04770538 0
0.05155233 -0.9343038 0.3527305 0
-0.02138159 1.465985 -0.5471619 1

-0.07029407 0.3489314 0.9345084 0
0.9961933 0.07297096 0.0476878 0
0.05155218 -0.934303 0.3527324 0
0.08003191 1.473414 -0.5423056 1

-0.9811114 0.160854 -0.1074551 0
0.07767184 -0.181171 -0.9803798 0
0.177166 0.9702079 -0.1652551 0
-0.2557139 1.048843 -0.5522255 1

-0.1219275 -0.9877664 0.09721725 0
-0.9397115 0.08335391 -0.3316541 0
-0.3194933 0.1317938 0.9383786 0
0.06564473 1.021425 -0.5211998 1

-0.0507917 0.7617283 0.6459029 0
-0.4623898 0.5553096 -0.6912505 0
0.8852209 0.3337689 -0.3240103 0
-0.2741609 1.062075 -0.580827 1

-0.9899824 0.09654115 -0.1030283 0
0.1377236 0.4995469 -0.8552695 0
0.03110159 0.8608909 0.5078385 0
-0.2686822 1.035911 -0.6581156 1

-0.9737878 0.1299263 -0.1866986 0
0.2253811 0.6618356 -0.7149668 0
-0.03067061 0.7383044 0.6737704 0
-0.2468884 1.030073 -0.6550648 1

-0.9621799 0.1559534 -0.2233575 0
0.2592416 0.7760836 -0.5748814 0
-0.08368927 0.6110426 0.7871616 0
-0.2242958 1.027255 -0.6502036 1

-0.9576126 0.1515335 -0.2449817 0
0.2264027 0.9217469 -0.3148412 0
-0.178102 0.3569602 0.916984 0
-0.2036858 1.026226 -0.6440917 1

-0.7625697 -0.06534456 -0.6435972 0
-0.6319652 0.287834 0.7195636 0
-0.1382297 -0.9554486 0.2607892 0
0.04116654 1.048343 -0.5180756 1

-0.08670814 -0.9889992 0.1198421 0
-0.9894974 0.0994619 0.1048901 0
0.1156559 0.1094885 0.9872366 0
-0.03132881 1.052292 -0.5557174 1

0.01411019 -0.9963224 0.0845142 0
-0.7878402 0.04096937 0.6145154 0
0.6157178 0.07525454 0.7843648 0
-0.03312676 1.029596 -0.5556036 1

-0.0009673666 -0.9949505 0.1003621 0
-0.5532483 0.08413555 0.8287567 0
0.8330157 0.05472343 0.5505361 0
-0.03374837 1.006591 -0.5520834 1

-0.03333764 -0.9887748 0.145647 0
-0.6130106 0.1353268 0.778399 0
0.7893711 0.06333311 0.6106409 0
-0.0328865 0.9856707 -0.5471041 1

-0.9397116 0.08335406 -0.3316541 0
0.1219276 0.9877666 -0.09721722 0
-0.3194933 0.1317938 0.9383786 0
-0.07245785 1.048554 -0.5421917 1

-0.8210412 0.293404 0.4896996 0
-0.2907137 0.5233583 -0.8009882 0
0.4913015 0.8000067 0.3444023 0
-0.2950329 1.087141 -0.6120296 1

-0.9641881 0.2237019 -0.1424738 0
0.1450608 0.8945261 0.4228251 0
-0.2220334 -0.3870156 0.8949417 0
-0.2610396 1.063632 -0.7055769 1

-0.9470751 0.2464554 -0.2056896 0
0.1272606 0.8765061 0.4642656 0
-0.2947091 -0.4135184 0.8614812 0
-0.2338042 1.068495 -0.6965715 1

-0.9400308 0.247003 -0.2352269 0
0.1540077 0.9226959 0.3534324 0
-0.3043418 -0.2960108 0.905403 0
-0.2102476 1.06931 -0.6813561 1

-0.9440117 0.2239638 -0.2422444 0
0.1186056 0.9155673 0.3842783 0
-0.3078555 -0.3340317 0.8908695 0
-0.1953441 1.060188 -0.6556919 1

-0.4301174 0.2480246 -0.8680341 0
-0.8390301 -0.4647163 0.2829618 0
0.3332082 -0.8500133 -0.4079828 0
0.01263911 1.061336 -0.4855939 1

-0.0224838 -0.9997264 0.006473636 0
0.414537 -0.003430305 0.910026 0
0.9097548 -0.02314433 -0.4145007 0
-0.086239 1.057811 -0.5498968 1

0.009489011 -0.9989517 -0.04478399 0
0.8297417 -0.0171288 0.5578846 0
0.5580667 0.04245299 -0.8287095 0
-0.07886394 1.031974 -0.5199288 1

-0.03565494 -0.9992328 -0.01620829 0
0.9175829 -0.03915866 0.3956117 0
0.3959427 0.0007671355 -0.9182749 0
-0.06372863 1.01115 -0.5071734 1

-0.03454065 -0.9985322 0.04171667 0
0.6310004 0.01058039 0.7757105 0
0.7750132 -0.05311689 -0.6297088 0
-0.05547275 0.9906569 -0.5184242 1

-0.8205497 0.5252711 0.2253633 0
-0.1442436 0.1912228 -0.9708904 0
0.5530751 0.8291711 0.08114097 0
-0.310088 1.114244 -0.6535102 1

-0.958011 0.2682053 -0.1013934 0
0.04837048 0.4997213 0.8648349 0
-0.2826221 -0.8236172 0.4917117 0
-0.2561204 1.093967 -0.6912383 1

-0.9433134 0.2868468 -0.1669683 0
0.001620695 0.5070385 0.8619224 0
-0.3318992 -0.8127925 0.4787612 0
-0.2291185 1.100768 -0.6794773 1

-0.9369504 0.3105044 -0.1603471 0
-0.09939558 0.2031054 0.9740993 0
-0.3350297 -0.9286205 0.1594372 0
-0.2045063 1.103708 -0.6681803 1

-0.9409827 0.260865 -0.2156403 0
0.01833403 0.6754844 0.7371464 0
-0.3379577 -0.6896887 0.6404022 0
-0.1920051 1.085962 -0.6448738 1

0.3103454 0.5836589 -0.7503518 0
-0.8682765 -0.1473104 -0.473704 0
0.3870163 -0.7985249 -0.4610604 0
-0.03080985 1.037271 -0.4709408 1

-0.081448 -0.9958929 -0.03953943 0
0.980167 -0.08722676 0.1779435 0
0.1806616 0.02426214 -0.9832462 0
-0.0721816 1.057695 -0.5190369 1

-0.02687043 -0.9979579 -0.05795051 0
0.9941652 -0.03273668 0.1027809 0
0.104468 0.05485069 -0.9930145 0
-0.04831303 1.031343 -0.4993874 1

-0.06691341 -0.9975011 -0.02267379 0
0.9977567 -0.06694339 0.0005642325 0
0.002080768 0.02258524 -0.9997427 0
-0.02952147 1.00969 -0.4924251 1

-0.09437715 -0.9954714 0.01138412 0
0.9936517 -0.09348895 0.06257991 0
0.06123226 -0.01721802 -0.9979752 0
-0.03770901 0.9909548 -0.4965866 1

-0.8205497 0.5252711 0.2253633 0
-0.1442436 0.1912228 -0.9708904 0
0.5530751 0.8291711 0.08114097 0
-0.3146078 1.120236 -0.6839325 1

-0.958011 0.2682053 -0.1013934 0
0.04837048 0.4997213 0.8648349 0
-0.2826221 -0.8236172 0.4917117 0
-0.2548675 1.106911 -0.6688369 1

-0.9433134 0.2868468 -0.1669683 0
0.001620695 0.5070385 0.8619224 0
-0.3318992 -0.8127925 0.4787612 0
-0.2290861 1.110883 -0.6622815 1

-0.9369504 0.3105044 -0.1603471 0
-0.09939558 0.2031054 0.9740993 0
-0.3350297 -0.9286205 0.1594372 0
-0.2061767 1.107121 -0.6518109 1

-0.9409827 0.260865 -0.2156403 0
0.01833403 0.6754844 0.7371464 0
-0.3379577 -0.6896887 0.6404022 0
-0.1916104 1.100507 -0.629001 1

0.3103454 0.5836589 -0.7503518 0
-0.8682765 -0.1473104 -0.473704 0
0.3870163 -0.7985249 -0.4610604 0
-0.05802038 1.032654 -0.485786 1

-0.081448 -0.9958929 -0.03953943 0
0.980167 -0.08722676 0.1779435 0
0.1806616 0.02426214 -0.9832462 0
-0.04679294 1.055436 -0.5144277 1

-0.02687043 -0.9979579 -0.05795051 0
0.9941652 -0.03273668 0.1027809 0
0.104468 0.05485069 -0.9930145 0
-0.02847851 1.03069 -0.4973369 1

-0.06691341 -0.9975011 -0.02267379 0
0.9977567 -0.06694339 0.0005642325 0
0.002080768 0.02258524 -0.9997427 0
-0.01275462 1.008565 -0.4924157 1

-0.09437715 -0.9954714 0.01138412 0
0.9936517 -0.09348895 0.06257991 0
0.06123226 -0.01721802 -0.9979752 0
-0.01631307 0.9889417 -0.4952391 1

0.9899654 -0.00772541 0.1410984 0
0.06500456 0.9114801 -0.4061755 0
0.1254705 -0.4112718 -0.9028359 0
0.002765756 0.8708665 0.004436431 1

0.9992754 -0.03721429 0.007990628 0
0.03434952 0.7912627 -0.6105109 0
-0.01639704 -0.610343 -0.7919676 0
0.01074194 0.9484763 -0.04727757 1

-0.9957185 -0.0878889 0.02864349 0
0.03721067 -0.6647434 -0.7461446 0
-0.08461842 0.7418841 -0.6651675 0
-0.09473314 0.8417756 0.004138559 1

-0.9973259 0.07238713 0.01006757 0
-0.07100784 -0.9923577 0.100916 0
-0.01729569 -0.09993128 -0.994844 0
0.09600925 0.8402876 0.03132452 1

0.9984276 -0.04782804 -0.02923554 0
0.0224105 0.8186255 -0.5738903 0
-0.05138101 -0.5723327 -0.8184102 0
0.01632541 1.077095 -0.1465153 1

-0.9956861 -0.08319218 -0.04108991 0
0.02263249 -0.6472229 0.7619648 0
0.08998384 -0.7577479 -0.6463137 0
-0.07916623 0.5636833 -0.3080075 1

-0.998476 0.00941491 -0.05438063 0
-0.04460265 -0.717972 0.6946416 0
0.03250377 -0.6960084 -0.7172976 0
0.06630345 0.4251395 0.07354227 1

0.9960213 -0.05913538 -0.06666736 0
-0.001578525 0.7362778 -0.6766777 0
-0.0891013 -0.6740907 -0.7332549 0
0.01939582 1.189253 -0.2251425 1

-0.9977112 0.05622754 0.03756495 0
-0.04952229 -0.9858257 0.1602983 0
-0.04604569 -0.1580712 -0.9863535 0
-0.07035242 0.3116338 -0.01127388 1

-0.9992777 0.02505599 -0.02857443 0
-0.01561444 -0.9561732 -0.2923847 0
0.03464808 0.2917275 -0.9558738 0
0.04893371 0.1455375 0.3440586 1

0.9973068 -0.04500425 -0.05791141 0
-0.008030578 0.7178486 -0.6961529 0
-0.07290146 -0.6947432 -0.7155539 0
0.0230564 1.32078 -0.2871208 1

0.1287688 -0.6952335 -0.7071558 0
-0.960669 -0.2643729 0.08498345 0
0.2460361 -0.6683994 0.7019323 0
-0.03858295 1.293461 -0.2621654 1

0.1249606 0.7312499 0.6705658 0
0.9914963 -0.1167882 -0.05740942 0
-0.03633346 -0.6720374 0.7396253 0
0.08381268 1.286195 -0.2703589 1

-0.9825272 0.1502753 0.1098089 0
-0.1836793 -0.6876666 -0.702408 0
0.03004265 0.7103044 -0.7032533 0
-0.07787981 0.1617883 0.0130915 1

-0.9901557 0.001281258 -0.1399652 0
0.139971 0.01007103 -0.9901045 0
-0.0001410162 0.9999486 0.01015128 0
0.04656032 0.0001991391 0.2996162 1

0.9973068 -0.04500425 -0.05791141 0
-0.008030578 0.7178486 -0.6961529 0
-0.07290146 -0.6947432 -0.7155539 0
0.02203215 1.345496 -0.3239664 1

0.07815362 -0.02748462 -0.9965627 0
-0.5980834 -0.8010499 -0.02481108 0
0.7976142 -0.5979663 0.07904316 0
-0.15834 1.260504 -0.2515713 1

0.9042962 0.1164919 0.4107044 0
0.3258947 -0.8098002 -0.4878695 0
-0.2757557 -0.5750247 0.7702633 0
0.2074122 1.271636 -0.2775156 1

-0.9825272 0.1502753 0.1098089 0
-0.1836793 -0.6876666 -0.702408 0
0.03004265 0.7103044 -0.7032533 0
-0.1118605 0.03456998 -0.1168539 1

-0.9901557 0.001281258 -0.1399652 0
0.139971 0.01007103 -0.9901045 0
-0.0001410162 0.9999486 0.01015128 0
0.07245494 0.002062321 0.1164468 1

0.9983087 0.04909819 0.03113343 0
-0.0346542 0.9325317 -0.3594215 0
0.04667985 -0.3577347 -0.9326559 0
0.0210829 1.368436 -0.3581409 1

0.5832787 0.7980371 0.1514039 0
0.1536135 0.07465796 -0.9853067 0
0.7976146 -0.5979659 0.0790429 0
-0.3239313 1.038717 -0.2584408 1

0.2799104 -0.8146424 -0.5079451 0
-0.91957 -0.07553571 -0.3855977 0
-0.2757562 -0.5750237 0.7702637 0
0.2976427 1.047427 -0.4125919 1

0.9983087 0.04909819 0.03113343 0
-0.0346542 0.9325317 -0.3594215 0
0.04667985 -0.3577347 -0.9326559 0
0.01215553 1.692273 -0.5856015 1

0.04668199 -0.3577346 -0.9326559 0
-0.9983086 -0.04909895 -0.03113542 0
0.0346542 -0.9325317 0.3594215 0
-0.02892068 1.467973 -0.546639 1

-0.04666328 0.3577376 0.9326557 0
0.9983094 0.04909221 0.03111784 0
0.0346541 -0.9325308 0.3594235 0
0.07270829 1.472971 -0.5434696 1

-0.9827 0.1774184 -0.05313967 0
0.01739024 -0.1972616 -0.9801969 0
0.1843874 0.9641634 -0.1907637 0
-0.2810811 1.059543 -0.53329 1

-0.1351995 -0.9835712 0.1196188 0
-0.9550166 0.09720102 -0.2801704 0
-0.2639406 0.1521168 0.9524685 0
0.04113048 1.026356 -0.5201537 1

0.0002747402 0.7721393 0.6354536 0
-0.4918689 0.5533745 -0.6721922 0
0.8706695 0.3123752 -0.3799432 0
-0.3009214 1.072685 -0.5609863 1

-0.9924342 0.113355 -0.04717617 0
0.09662682 0.4840228 -0.8697045 0
0.07575113 0.8676826 0.4913135 0
-0.3004037 1.045268 -0.6380325 1

-0.9805388 0.1451753 -0.1321676 0
0.1951388 0.646741 -0.7373243 0
0.02156316 0.7487659 0.6624839 0
-0.2785762 1.039072 -0.636153 1

-0.9706212 0.1704297 -0.1698488 0
0.2390916 0.7624282 -0.6012813 0
-0.02702124 0.6242256 0.7807771 0
-0.2557926 1.035909 -0.6325612 1

-0.9673962 0.165602 -0.1916272 0
0.2239895 0.9125589 -0.3421487 0
-0.1182104 0.3739156 0.9198989 0
-0.2348839 1.034589 -0.6276349 1

-0.7984751 -0.05964065 -0.5990663 0
-0.5851123 0.3111061 0.7489039 0
-0.141708 -0.9485021 0.2833069 0
0.01738537 1.053803 -0.5161034 1

-0.0988002 -0.985172 0.1402669 0
-0.9799976 0.120799 0.1581536 0
0.1727524 0.1218356 0.977401 0
-0.05701236 1.058642 -0.5497136 1

-0.0002737753 -0.9950369 0.09950863 0
-0.7513175 0.06587452 0.6566451 0
0.6599408 0.07458273 0.7476065 0
-0.0592356 1.03599 -0.5491374 1

-0.0144125 -0.9931277 0.1161463 0
-0.5043294 0.1075208 0.8567913 0
0.863391 0.04622734 0.502413 0
-0.06009982 1.013057 -0.5452208 1

-0.04407585 -0.9856317 0.1630568 0
-0.5658225 0.1591426 0.8090236 0
0.8233484 0.05660278 0.5647067 0
-0.05936189 0.9922003 -0.5399635 1

-0.9550168 0.09720115 -0.2801705 0
0.1351996 0.9835714 -0.1196188 0
-0.2639406 0.1521168 0.9524685 0
-0.09738479 1.05593 -0.5338637 1

-0.7859023 0.3159115 0.5315618 0
-0.3274471 0.5165985 -0.7911415 0
0.5245346 0.7958182 0.3025514 0
-0.323124 1.097664 -0.5913286 1

-0.9667311 0.239409 -0.09008177 0
0.1851574 0.8979171 0.3993274 0
-0.1764884 -0.369363 0.9123724 0
-0.2950416 1.072128 -0.6862949 1

-0.9529191 0.2608905 -0.1545378 0
0.1694782 0.880854 0.4420113 0
-0.2514417 -0.3950101 0.8835976 0
-0.2672476 1.076618 -0.6789578 1

-0.9475933 0.2608641 -0.1844379 0
0.1905556 0.924872 0.3290907 0
-0.2564293 -0.2766986 0.9261116 0
-0.2428364 1.077224 -0.6651441 1

-0.9523815 0.2378002 -0.190843 0
0.1568841 0.9188654 0.3620413 0
-0.2614525 -0.3148615 0.9124174 0
-0.226631 1.068212 -0.6402413 1

-0.4731507 0.2436352 -0.8466228 0
-0.8306433 -0.4435648 0.3365742 0
0.293531 -0.862492 -0.4122471 0
-0.00902709 1.067846 -0.4822973 1

-0.04123266 -0.9988688 0.02368806 0
0.4646308 0.001820024 0.8855026 0
0.884544 -0.04751796 -0.4640301 0
-0.1113954 1.065345 -0.5409374 1

-0.01216703 -0.9994975 -0.02927377 0
0.8591571 -0.02542755 0.5110795 0
0.5115669 0.01893262 -0.8590349 0
-0.1028525 1.039814 -0.5110165 1

-0.05563956 -0.9984494 0.001768731 0
0.9373492 -0.05162445 0.3445454 0
0.3439199 -0.02082841 -0.9387683 0
-0.08742931 1.018883 -0.4987917 1

-0.05127494 -0.9969093 0.0595238 0
0.6734738 0.009493897 0.7391502 0
0.7374308 -0.07798772 -0.6709056 0
-0.08020948 0.998064 -0.5101551 1

-0.7966658 0.54374 0.2639529 0
-0.1969839 0.1792898 -0.9638741 0
0.5714206 0.8198798 0.03572612 0
-0.3400815 1.124417 -0.6322992 1

-0.9573932 0.284401 -0.05014639 0
0.1073386 0.5116479 0.8524644 0
-0.268099 -0.8107609 0.5203753 0
-0.2887627 1.102577 -0.6727532 1

-0.9462017 0.301781 -0.1167517 0
0.06063529 0.5197875 0.8521414 0
-0.3178462 -0.7992184 0.5101224 0
-0.2610074 1.109051 -0.6626829 1

-0.9390475 0.3254128 -0.1108897 0
-0.03905104 0.2194992 0.9748312 0
-0.3415628 -0.9197432 0.1934126 0
-0.2357326 1.111703 -0.652876 1

-0.947161 0.2750336 -0.165054 0
0.07304804 0.6860043 0.7239214 0
-0.3123304 -0.6736134 0.6698473 0
-0.2222145 1.09408 -0.6300492 1

0.279027 0.5660952 -0.7756803 0
-0.8960676 -0.1369361 -0.4222693 0
0.3452635 -0.8128867 -0.4690509 0
-0.05204175 1.044876 -0.4648679 1

-0.1025932 -0.9945415 -0.01902984 0
0.9867325 -0.1041706 0.1245295 0
0.1258322 0.006001511 -0.9920336 0
-0.09563927 1.065407 -0.510909 1

-0.04918 -0.997972 -0.04041246 0
0.997547 -0.05109658 0.04784362 0
0.04981166 0.03796039 -0.998037 0
-0.07121848 1.038878 -0.4921988 1

-0.08717173 -0.9961888 -0.002975111 0
0.9947615 -0.08688611 -0.05385496 0
-0.05339098 0.007654163 -0.9985444 0
-0.05248522 1.016959 -0.4859471 1

-0.1126442 -0.9931031 0.03252066 0
0.993623 -0.1124181 0.008709282 0
0.004993469 -0.03329426 -0.9994332 0
-0.06125005 0.9983312 -0.489347 1

-0.7966658 0.54374 0.2639529 0
-0.1969839 0.1792898 -0.9638741 0
0.5714206 0.8198798 0.03572612 0
-0.3462538 1.130035 -0.6625018 1

-0.9573932 0.284401 -0.05014639 0
0.1073386 0.5116479 0.8524644 0
-0.268099 -0.8107609 0.5203753 0
-0.2859824 1.115831 -0.6506721 1

-0.9462017 0.301781 -0.1167517 0
0.06063529 0.5197875 0.8521414 0
-0.3178462 -0.7992184 0.5101224 0
-0.2597976 1.119421 -0.6456822 1

-0.9390475 0.3254128 -0.1108897 0
-0.03905104 0.2194992 0.9748312 0
-0.3415628 -0.9197432 0.1934126 0
-0.2363889 1.115391 -0.6364943 1

-0.947161 0.2750336 -0.165054 0
0.07304804 0.6860043 0.7239214 0
-0.3123304 -0.6736134 0.6698473 0
-0.2206416 1.108851 -0.6144612 1

0.279027 0.5660952 -0.7756803 0
-0.8960676 -0.1369361 -0.4222693 0
0.3452635 -0.8128867 -0.4690509 0
-0.08012324 1.040585 -0.4781012 1

-0.1025932 -0.9945415 -0.01902984 0
0.9867325 -0.1041706 0.1245295 0
0.1258322 0.006001511 -0.9920336 0
-0.07008053 1.062708 -0.5076834 1

-0.04918 -0.997972 -0.04041246 0
0.997547 -0.05109658 0.04784362 0
0.04981166 0.03796039 -0.998037 0
-0.05131645 1.037858 -0.4912442 1

-0.08717173 -0.9961888 -0.002975111 0
0.9947615 -0.08688611 -0.05385496 0
-0.05339098 0.007654163 -0.9985444 0
-0.03576872 1.015499 -0.4868522 1

-0.1126442 -0.9931031 0.03252066 0
0.993623 -0.1124181 0.008709282 0
0.004993469 -0.03329426 -0.9994332 0
-0.03985467 0.9959106 -0.4891594 1

0.990872 -0.0345965 0.1302913 0
0.08637747 0.9049745 -0.4166054 0
0.1034972 -0.4240569 -0.8997023 0
0.005106971 0.8746191 0.007404513 1

0.9981327 -0.05130806 -0.03314631 0
0.02023026 0.789684 -0.6131802 0
-0.05763619 -0.6113647 -0.7892473 0
0.01470854 0.951427 -0.04522235 1

-0.9957345 -0.08665027 0.03169942 0
0.02988011 -0.6278843 -0.777733 0
-0.08729437 0.7734683 -0.6277949 0
-0.09317885 0.8483298 0.008489169 1

-0.9977304 0.05547113 -0.03817707 0
-0.06302218 -0.9689238 0.2391971 0
0.0237221 -0.2410601 -0.9702203 0
0.09773821 0.8416644 0.03359287 1

0.9950934 -0.0623967 -0.07678381 0
0.006871641 0.8177769 -0.5754945 0
-0.09870099 -0.5721431 -0.8141931 0
0.01799694 1.079789 -0.144894 1

-0.9946136 -0.0790274 -0.06707262 0
0.01931947 -0.7770832 0.6291015 0
0.1018373 -0.6244171 -0.7744241 0
-0.08067864 0.5856573 -0.3168718 1

-0.9976228 0.009529179 -0.06825255 0
-0.05377449 -0.7270302 0.6844967 0
0.04309896 -0.6865396 -0.725814 0
0.07137319 0.4363197 0.1336598 1

0.9899395 -0.0741706 -0.1204934 0
-0.02710663 0.7364036 -0.6759992 0
-0.138871 -0.6724645 -0.7269846 0
0.01893841 1.191831 -0.223741 1

-0.9986247 0.0197627 0.04856446 0
-0.02257771 -0.9980546 -0.05811758 0
-0.04732144 0.05913403 -0.9971278 0
-0.07315502 0.2830361 -0.07187936 1

-0.9989765 0.03230407 -0.03167074 0
-0.02498308 -0.9775763 -0.2090949 0
0.03771515 0.2080898 -0.9773823 0
0.05043162 0.1531901 0.4002255 1

0.9921989 -0.06149057 -0.1084458 0
-0.03178686 0.716355 -0.6970116 0
-0.1205453 -0.6950212 -0.7088119 0
0.0212234 1.323305 -0.2858981 1

0.06896927 -0.6977284 -0.7130346 0
-0.961448 -0.2372031 0.1391138 0
0.2661976 -0.6759511 0.6871892 0
-0.03937935 1.296914 -0.2576254 1

0.1771265 0.7280573 0.6622376 0
0.9841817 -0.1334393 -0.1165341 0
-0.003525004 -0.6724034 0.7401765 0
0.08226889 1.2878 -0.2724333 1

-0.9855294 0.09625974 0.1395216 0
-0.1693475 -0.5235776 -0.8349779 0
0.007324286 0.8465229 -0.5323022 0
-0.07658683 0.1313317 -0.08071328 1

-0.9900564 0.0001055747 -0.1406728 0
0.1406344 -0.02264182 -0.9898026 0
0.003289599 0.9997439 -0.02240205 0
0.0466342 0.004598618 0.368443 1

0.9921989 -0.06149057 -0.1084458 0
-0.03178686 0.716355 -0.6970116 0
-0.1205453 -0.6950212 -0.7088119 0
0.01872652 1.347953 -0.3227185 1

0.02693896 -0.03138388 -0.9991444 0
-0.6260577 -0.7797397 0.007612295 0
0.7793112 -0.625317 0.04065344 0
-0.1592334 1.267344 -0.2402835 1

0.9247414 0.09308077 0.3690383 0
0.2795884 -0.8240278 -0.492756 0
-0.2582317 -0.5588506 0.7880371 0
0.2049566 1.271166 -0.2869604 1

-0.9855294 0.09625974 0.1395216 0
-0.1693475 -0.5235776 -0.8349779 0
0.007324286 0.8465229 -0.5323022 0
-0.1079161 0.03446978 -0.2351843 1

-0.9900564 0.0001055747 -0.1406728 0
0.1406344 -0.02264182 -0.9898026 0
0.003289599 0.9997439 -0.02240205 0
0.07265157 0.0004097819 0.1853296 1

0.9993761 0.02599901 0.02390499 0
-0.01537644 0.9296134 -0.3682154 0
0.03179563 -0.367618 -0.9294331 0
0.01641168 1.370831 -0.3568697 1

0.6171811 0.7771633 0.1229021 0
0.1084468 0.07068861 -0.991586 0
0.7793118 -0.6253164 0.04065316 0
-0.33257 1.051457 -0.2381758 1

0.2195628 -0.8283085 -0.5154585 0
-0.9408018 -0.03991572 -0.3365985 0
-0.2582324 -0.5588487 0.7880381 0
0.2823662 1.043017 -0.4233898 1

0.9993761 0.02599901 0.02390499 0
-0.01537644 0.9296134 -0.3682154 0
0.03179563 -0.367618 -0.9294331 0
0.01346077 1.692601 -0.5873979 1

0.0317978 -0.3676179 -0.9294331 0
-0.999376 -0.0259998 -0.02390699 0
0.01537644 -0.9296134 0.3682154 0
-0.03256937 1.469707 -0.545983 1

-0.03177898 0.3676205 0.9294328 0
0.9993767 0.02599287 0.02388948 0
0.01537637 -0.9296127 0.3682173 0
0.06916828 1.472353 -0.5435493 1

-0.9809695 0.1941078 -0.004600778 0
-0.03765452 -0.2134346 -0.9762316 0
0.1904761 0.9574803 -0.2166817 0
-0.302319 1.071176 -0.5147766 1

-0.1491639 -0.9784588 0.1427188 0
-0.9650961 0.1126401 -0.236436 0
-0.215267 0.1730051 0.9611086 0
0.01993138 1.031883 -0.5172833 1

0.04691743 0.7822288 0.6212225 0
-0.5171121 0.5511072 -0.6548866 0
0.854631 0.2905161 -0.4303564 0
-0.3233646 1.084219 -0.5416164 1

-0.9914658 0.1303343 0.00296317 0
0.05888965 0.4680258 -0.8817507 0
0.1163093 0.8740513 0.4717068 0
-0.3273752 1.05555 -0.6181021 1

-0.9835259 0.1605519 -0.08306837 0
0.1669991 0.6310817 -0.7575272 0
0.06919965 0.7589201 0.647497 0
-0.3055877 1.048995 -0.6172631 1

-0.9751791 0.1850093 -0.1216454 0
0.2200249 0.748157 -0.6259799 0
0.02480236 0.6372074 0.7702935 0
-0.2827037 1.045483 -0.6148165 1

-0.9731889 0.1797715 -0.1434768 0
0.2211602 0.9027228 -0.3690263 0
-0.06317928 0.3908636 0.9182778 0
-0.2615899 1.043869 -0.6109709 1

-0.8270772 -0.05258623 -0.5596234 0
-0.5424775 0.3353731 0.7702233 0
-0.1471794 -0.9406168 0.3059061 0
-0.00303635 1.059882 -0.5125889 1

-0.1118644 -0.9804873 0.1616514 0
-0.9687418 0.1438458 0.2021091 0
0.2214182 0.1339896 0.9659301 0
-0.07883434 1.065734 -0.5427304 1

-0.01560472 -0.9930722 0.116466 0
-0.7177885 0.09221621 0.6901275 0
0.6960863 0.07282872 0.7142547 0
-0.08148382 1.043146 -0.5416614 1

-0.0288957 -0.9905983 0.1337168 0
-0.4607804 0.1319125 0.8776564 0
0.8870437 0.03625371 0.4602599 0
-0.08262317 1.020303 -0.5373155 1

-0.05613943 -0.9817244 0.1818392 0
-0.5234203 0.1840314 0.8319639 0
0.8502234 0.04847233 0.524186 0
-0.08205681 0.9995233 -0.5317419 1

-0.965096 0.1126402 -0.236436 0
0.1491641 0.9784589 -0.1427188 0
-0.215267 0.1730051 0.9611086 0
-0.1184545 1.064125 -0.5249494 1

-0.7513 0.3385307 0.5665203 0
-0.3598379 0.5094646 -0.781641 0
0.5532317 0.7911026 0.2609446 0
-0.3467066 1.109096 -0.5711776 1

-0.965916 0.2551942 -0.04338728 0
0.2212149 0.900823 0.3736078 0
-0.1344268 -0.3512758 0.9265717 0
-0.3241073 1.081522 -0.667033 1

-0.9551561 0.2753751 -0.1088377 0
0.2075186 0.8847389 0.4173412 0
-0.2112184 -0.3760401 0.902209 0
-0.2958927 1.085632 -0.6612407 1

-0.9514146 0.2747677 -0.1389709 0
0.2233625 0.926533 0.3027324 0
-0.2119422 -0.2569834 0.9428895 0
-0.2707807 1.086025 -0.6487378 1

-0.9569261 0.2516923 -0.1447196 0
0.1913769 0.9216664 0.3375007 0
-0.2183295 -0.2952674 0.9301345 0
-0.2534413 1.07713 -0.6245676 1

-0.5078347 0.2397624 -0.8274165 0
-0.8224863 -0.4205619 0.3829415 0
0.256165 -0.8750096 -0.4107774 0
-0.02752424 1.075021 -0.4778204 1

-0.06018879 -0.9972718 0.04273889 0
0.5061216 0.006414497 0.8624384 0
0.8603595 -0.07354032 -0.5043548 0
-0.1325927 1.073717 -0.5315147 1

-0.03369096 -0.9993661 -0.01151659 0
0.8817828 -0.03514716 0.4703445 0
0.4704508 -0.00569126 -0.8824079 0
-0.1231542 1.0485 -0.5015968 1

-0.07560951 -0.9969055 0.02151961 0
0.9514299 -0.0656677 0.3007813 0
0.2984372 -0.04321652 -0.9534504 0
-0.1075927 1.027451 -0.4897557 1

-0.06847552 -0.9945225 0.0789694 0
0.7078874 0.007342353 0.7062873 0
0.7029984 -0.1042648 -0.7035072 0
-0.1013421 1.006304 -0.5010883 1

-0.7722691 0.5621394 0.2959733 0
-0.2444246 0.1671122 -0.9551598 0
0.5863934 0.8099837 -0.008344941 0
-0.3653415 1.13548 -0.6116562 1

-0.9537213 0.3006543 -0.004774131 0
0.1608161 0.5234199 0.8367617 0
-0.2540751 -0.7972699 0.5475466 0
-0.3166056 1.11207 -0.6543635 1

-0.945761 0.3167471 -0.07216289 0
0.114306 0.5323886 0.8387473 0
-0.3040895 -0.7850062 0.5397185 0
-0.2882518 1.118208 -0.6458742 1

-0.9379063 0.340339 -0.06709021 0
0.01612303 0.2359666 0.9716277 0
-0.346514 -0.9102143 0.2268019 0
-0.2624539 1.120566 -0.6374523 1

-0.9497204 0.2892402 -0.1198823 0
0.1227741 0.6962521 0.7072198 0
-0.2880247 -0.6569425 0.6967559 0
-0.2480538 1.103076 -0.6150662 1

0.2532119 0.5475 -0.797576 0
-0.9176975 -0.1249492 -0.3771197 0
0.3061296 -0.8274247 -0.4708011 0
-0.07011645 1.053243 -0.4579899 1

-0.12341 -0.9923516 0.002894987 0
0.9892341 -0.1227901 0.07961462 0
0.07865028 -0.01268931 -0.9968217 0
-0.1154296 1.073934 -0.5022687 1

-0.0711531 -0.9972461 -0.0209212 0
0.9974606 -0.0712021 0.00160484 0
0.003090039 0.02075391 -0.9997799 0
-0.09068716 1.047206 -0.4842788 1

-0.1072795 -0.9940617 0.01823038 0
0.9891253 -0.1085664 -0.09922014 0
-0.1006101 -0.007388051 -0.9948986 0
-0.07212374 1.025003 -0.4785427 1

-0.1309693 -0.9898692 0.05482992 0
0.9904463 -0.1330532 -0.03624302 0
-0.04317115 -0.04955945 -0.9978378 0
-0.0814139 1.006511 -0.4812052 1

-0.7722691 0.5621394 0.2959733 0
-0.2444246 0.1671122 -0.9551598 0
0.5863934 0.8099837 -0.008344941 0
-0.3730004 1.140716 -0.6415857 1

-0.9537213 0.3006543 -0.004774131 0
0.1608161 0.5234199 0.8367617 0
-0.2540751 -0.7972699 0.5475466 0
-0.31244 1.125628 -0.6326892 1

-0.945761 0.3167471 -0.07216289 0
0.114306 0.5323886 0.8387473 0
-0.3040895 -0.7850062 0.5397185 0
-0.2859714 1.12883 -0.6291407 1

-0.9379063 0.340339 -0.06709021 0
0.01612303 0.2359666 0.9716277 0
-0.346514 -0.9102143 0.2268019 0
-0.262183 1.124531 -0.6211245 1

-0.9497204 0.2892402 -0.1198823 0
0.1227741 0.6962521 0.7072198 0
-0.2880247 -0.6569425 0.6967559 0
-0.2454101 1.118068 -0.599838 1

0.2532119 0.5475 -0.797576 0
-0.9176975 -0.1249492 -0.3771197 0
0.3061296 -0.8274247 -0.4708011 0
-0.09887583 1.049327 -0.4698083 1

-0.12341 -0.9923516 0.002894987 0
0.9892341 -0.1227901 0.07961462 0
0.07865028 -0.01268931 -0.9968217 0
-0.08980606 1.070754 -0.5002064 1

-0.0711531 -0.9972461 -0.0209212 0
0.9974606 -0.0712021 0.00160484 0
0.003090039 0.02075391 -0.9997799 0
-0.07078689 1.045785 -0.4842468 1

-0.1072795 -0.9940617 0.01823038 0
0.9891253 -0.1085664 -0.09922014 0
-0.1006101 -0.007388051 -0.9948986 0
-0.05550193 1.023179 -0.48021 1

-0.1309693 -0.9898692 0.05482992 0
0.9904463 -0.1330532 -0.03624302 0
-0.04317115 -0.04955945 -0.9978378 0
-0.06008698 1.003646 -0.4819856 1

0.9910461 -0.06019156 0.1191833 0
0.1058857 0.8980702 -0.4269171 0
0.08133814 -0.4357143 -0.8964024 0
0.006805846 0.8787059 0.01028907 1

0.9954038 -0.06630981 -0.0690966 0
0.009919606 0.7890162 -0.6142923 0
-0.09525193 -0.6107835 -0.7860475 0
0.01785783 0.9546929 -0.04323715 1

-0.9957188 -0.08637054 0.03292976 0
0.02733294 -0.6154321 -0.7877159 0
-0.08830148 0.7834434 -0.615158 0
-0.09213531 0.8551083 0.01278138 1

-0.9943288 0.02182331 -0.1040865 0
-0.05887001 -0.9280384 0.3678028 0
0.08856957 -0.3718445 -0.9240601 0
0.09881531 0.8435114 0.03574482 1

0.989978 -0.07774815 -0.1178928 0
-0.004315279 0.8177641 -0.5755373 0
-0.1411554 -0.570278 -0.8092331 0
0.01947025 1.082946 -0.1430895 1

-0.9941632 -0.06219753 -0.08815414 0
0.01291369 -0.8798223 0.4751274 0
0.1071117 -0.4712158 -0.8754901 0
-0.0807007 0.5976452 -0.3167559 1

-0.9963173 -0.001696579 -0.08572459 0
-0.05620286 -0.7421309 0.6678944 0
0.06475201 -0.6702529 -0.7393027 0
0.07418733 0.455271 0.1896134 1

0.9819278 -0.08981125 -0.1665883 0
-0.04682884 0.737558 -0.6736581 0
-0.1833706 -0.6692847 -0.720023 0
0.01887902 1.194986 -0.2219424 1

-0.9986141 -0.0172636 0.04971917 0
0.003150193 -0.9625857 -0.2709597 0
-0.05253667 0.2704273 -0.9613059 0
-0.0756717 0.2550139 -0.1317259 1

-0.9986857 0.03626902 -0.0362112 0
-0.03343714 -0.9965498 -0.07596221 0
0.03884135 0.07465154 -0.9964529 0
0.05230007 0.1662607 0.4497135 1

0.9853101 -0.0786165 -0.1516034 0
-0.04999157 0.7160685 -0.6962377 0
-0.1632942 -0.6935888 -0.7016192 0
0.02036467 1.326482 -0.2840778 1

0.01651742 -0.6982459 -0.7156674 0
-0.9588622 -0.2139308 0.1865928 0
0.2833909 -0.6831445 0.6730552 0
-0.03926761 1.301027 -0.2530202 1

0.2242566 0.7233346 0.6530668 0
0.9742719 -0.1509819 -0.1673284 0
0.02243336 -0.6737891 0.7385834 0
0.0813961 1.289992 -0.2734925 1

-0.9871759 0.0383546 0.1549607 0
-0.1587574 -0.3376149 -0.9277998 0
-0.01673169 0.9405028 -0.3393744 0
-0.07519287 0.1087009 -0.1729118 1

-0.9900917 -0.006798647 -0.1402571 0
0.1403759 -0.0734568 -0.9873697 0
0.003590085 0.9972754 -0.07368341 0
0.04721763 0.01478505 0.4381673 1

0.9853101 -0.0786165 -0.1516034 0
-0.04999157 0.7160685 -0.6962377 0
-0.1632942 -0.6935888 -0.7016192 0
0.01668147 1.351131 -0.320798 1

-0.01925507 -0.03132726 -0.9993238 0
-0.6507433 -0.7584289 0.03631413 0
0.7590535 -0.6510026 0.005782411 0
-0.1587993 1.274359 -0.2297596 1

0.9401798 0.06873076 0.3336737 0
0.2363591 -0.8369669 -0.49358 0
-0.2453495 -0.5429207 0.8031446 0
0.2028484 1.27117 -0.2943516 1

-0.9871759 0.0383546 0.1549607 0
-0.1587574 -0.3376149 -0.9277998 0
-0.01673169 0.9405028 -0.3393744 0
-0.104563 0.04624218 -0.3445548 1

-0.9900917 -0.006798647 -0.1402571 0
0.1403759 -0.0734568 -0.9873697 0
0.003590085 0.9972754 -0.07368341 0
0.07318717 0.001195669 0.2555038 1

0.9997091 0.005025484 0.02358327 0
0.004262008 0.9258137 -0.3779561 0
0.02373312 -0.3779466 -0.9255232 0
0.01326659 1.37401 -0.3548563 1

0.6474511 0.7557846 0.09796449 0
0.06814508 0.07061701 -0.9951733 0
0.7590544 -0.6510018 0.005781926 0
-0.3389707 1.064372 -0.2197052 1

0.1629123 -0.8397771 -0.5179136 0
-0.9556479 -0.003772017 -0.2944876 0
-0.2453502 -0.5429186 0.8031458 0
0.2682891 1.03944 -0.4310091 1

0.9997091 0.005025484 0.02358327 0
0.004262008 0.9258137 -0.3779561 0
0.02373312 -0.3779466 -0.9255232 0
0.01708479 1.693332 -0.5887503 1

0.02373526 -0.3779467 -0.9255231 0
-0.9997091 -0.005026285 -0.02358523 0
-0.004262008 -0.9258137 0.3779561 0
-0.03365555 1.471912 -0.5449948 1

-0.02371642 0.3779488 0.9255227 0
0.9997095 0.005019173 0.02356781 0
-0.004262067 -0.925813 0.3779581 0
0.06811603 1.472424 -0.5425941 1

-0.9766464 0.2116143 0.03716467 0
-0.08616996 -0.2273382 -0.9699962 0
0.196816 0.9505456 -0.2402639 0
-0.3199618 1.084071 -0.4973067 1

-0.1631312 -0.9728214 0.1643386 0
-0.9713119 0.1291451 -0.1996872 0
-0.1730364 0.1921991 0.9659806 0
0.001713069 1.038387 -0.5131558 1

0.08892226 0.7904866 0.6059901 0
-0.5370778 0.5504287 -0.6391994 0
0.8388327 0.2686247 -0.4734982 0
-0.3419904 1.097087 -0.5233595 1

-0.9878834 0.1481605 0.04620721 0
0.0263659 0.453617 -0.8908068 0
0.1529426 0.8787948 0.452027 0
-0.3500072 1.06735 -0.5991194 1

-0.9833859 0.176937 -0.04056399 0
0.1428703 0.6165484 -0.774246 0
0.1119829 0.7671776 0.6315839 0
-0.3283205 1.060418 -0.5991735 1

-0.9764004 0.2006592 -0.07986396 0
0.2039003 0.734611 -0.6471257 0
0.07118268 0.6481379 0.758189 0
-0.3054123 1.056532 -0.5977198 1

-0.9755067 0.1950597 -0.1016779 0
0.2195145 0.8929672 -0.3929671 0
-0.01414299 0.4056618 0.913914 0
-0.2841751 1.054597 -0.5948182 1

-0.84973 -0.04387131 -0.5253899 0
-0.5042731 0.3584216 0.7856483 0
-0.1538434 -0.9325286 0.3266847 0
-0.02047579 1.06693 -0.5080059 1

-0.1251519 -0.9753382 0.1818042 0
-0.9567512 0.1671481 0.2380944 0
0.2626107 0.1441434 0.9540748 0
-0.09728629 1.073901 -0.5352021 1

-0.03105473 -0.9906245 0.1330385 0
-0.6875455 0.1177815 0.7165255 0
0.7254769 0.06921843 0.6847571 0
-0.1003482 1.051393 -0.5336635 1

-0.04359093 -0.9876087 0.1507617 0
-0.4224787 0.154971 0.8930265 0
0.9053242 0.02476561 0.4239991 0
-0.1017754 1.028647 -0.5289069 1

-0.06869934 -0.9774299 0.1997788 0
-0.4858295 0.2076803 0.8490225 0
0.8713498 0.03873105 0.4891318 0
-0.1014075 1.007949 -0.5230249 1

-0.971312 0.1291452 -0.1996873 0
0.1631313 0.9728214 -0.1643386 0
-0.1730364 0.1921991 0.9659806 0
-0.1361867 1.073394 -0.515837 1

-0.7185069 0.3604345 0.5948402 0
-0.3865393 0.5040709 -0.7723345 0
0.5782173 0.7848566 0.2228562 0
-0.3662338 1.121933 -0.5522126 1

-0.9623393 0.2718319 -0.003229782 0
0.2536743 0.9022028 0.3488258 0
-0.09773585 -0.3348697 0.9371822 0
-0.3485441 1.092523 -0.6485528 1

-0.9542527 0.2908324 -0.06941424 0
0.2417272 0.8870251 0.3933882 0
-0.1759823 -0.3586124 0.9167484 0
-0.3200263 1.096212 -0.6441216 1

-0.9519115 0.2897061 -0.09967353 0
0.2530051 0.9268043 0.2775291 0
-0.1727798 -0.2389654 0.9555331 0
-0.2943631 1.096341 -0.6327873 1

-0.9580788 0.2666501 -0.1047991 0
0.2225724 0.9230353 0.3137953 0
-0.1804067 -0.2773153 0.9436896 0
-0.2760872 1.087498 -0.6092969 1

-0.5356119 0.2375958 -0.8103508 0
-0.8148403 -0.3973511 0.4220755 0
0.2217105 -0.886375 -0.4064288 0
-0.04323913 1.083109 -0.4725411 1

-0.07863276 -0.9950223 0.06121914 0
0.5402943 0.009071629 0.8414274 0
0.837794 -0.09924019 -0.5368916 0
-0.1503793 1.083177 -0.5219895 1

-0.05437784 -0.9985027 0.005994338 0
0.899025 -0.04634652 0.435438 0
0.4345078 -0.02906732 -0.9001992 0
-0.1402629 1.05823 -0.4920663 1

-0.09488068 -0.9946595 0.04062609 0
0.9611895 -0.0809152 0.2637567 0
0.2590606 -0.0640749 -0.9637337 0
-0.1246693 1.037045 -0.4805142 1

-0.08540384 -0.9915448 0.09770104 0
0.7356193 0.003385216 0.6773871 0
0.6719902 -0.1297224 -0.7291102 0
-0.1193078 1.0156 -0.4917428 1

-0.7480271 0.5803017 0.322034 0
-0.285152 0.1571361 -0.9455142 0
0.5992863 0.7990987 -0.04793214 0
-0.3862514 1.148037 -0.5922093 1

-0.9475996 0.3176394 0.03406256 0
0.2081233 0.5329338 0.8201623 0
-0.2423628 -0.7842748 0.5711163 0
-0.3399417 1.123118 -0.6367237 1

-0.9424689 0.3325742 -0.03386547 0
0.1619155 0.5427657 0.8241295 0
-0.2924651 -0.7712329 0.5653889 0
-0.3111259 1.128872 -0.6296371 1

-0.9339832 0.3560946 -0.02953057 0
0.06484181 0.2501818 0.9660255 0
-0.3513843 -0.9003365 0.2567557 0
-0.2849312 1.130891 -0.6224412 1

-0.9490918 0.3044304 -0.08091345 0
0.1671562 0.7044598 0.689779 0
-0.26699 -0.6411385 0.7194848 0
-0.2698213 1.113484 -0.600463 1

0.232101 0.5297809 -0.8157583 0
-0.9344139 -0.1115145 -0.3382828 0
0.2701846 -0.8407717 -0.4691522 0
-0.08543538 1.062532 -0.450684 1

-0.1432868 -0.9893939 0.02384458 0
0.988937 -0.1422035 0.04221515 0
0.03837666 -0.02962984 -0.9988244 0
-0.1320573 1.083484 -0.4934558 1

-0.09213606 -0.9957448 -0.001947323 0
0.9950753 -0.09200221 -0.03688404 0
-0.03654803 0.0053359 -0.9993178 0
-0.107161 1.056524 -0.4760336 1

-0.1265928 -0.9912054 0.03855232 0
0.9819514 -0.1307274 -0.1366807 0
-0.1405184 -0.02055391 -0.989865 0
-0.08883651 1.034029 -0.4706814 1

-0.1487074 -0.9859571 0.07599203 0
0.9852978 -0.1542668 -0.07341811 0
-0.08411021 -0.06395712 -0.9944023 0
-0.09859893 1.015696 -0.4726732 1

-0.7480271 0.5803017 0.322034 0
-0.285152 0.1571361 -0.9455142 0
0.5992863 0.7990987 -0.04793214 0
-0.3951865 1.152961 -0.6218365 1

-0.9475996 0.3176394 0.03406256 0
0.2081233 0.5329338 0.8201623 0
-0.2423628 -0.7842748 0.5711163 0
-0.3345507 1.136922 -0.6154794 1

-0.9424689 0.3325742 -0.03386547 0
0.1619155 0.5427657 0.8241295 0
-0.2924651 -0.7712329 0.5653889 0
-0.3078956 1.1397 -0.6131952 1

-0.9339832 0.3560946 -0.02953057 0
0.06484181 0.2501818 0.9660255 0
-0.3513843 -0.9003365 0.2567557 0
-0.2838416 1.135095 -0.6062075 1

-0.9490918 0.3044304 -0.08091345 0
0.1671562 0.7044598 0.689779 0
-0.26699 -0.6411385 0.7194848 0
-0.266222 1.128652 -0.5856103 1

0.232101 0.5297809 -0.8157583 0
-0.9344139 -0.1115145 -0.3382828 0
0.2701846 -0.8407717 -0.4691522 0
-0.1147186 1.059038 -0.4612853 1

-0.1432868 -0.9893939 0.02384458 0
0.988937 -0.1422035 0.04221515 0
0.03837666 -0.02962984 -0.9988244 0
-0.1064415 1.079801 -0.4923624 1

-0.09213606 -0.9957448 -0.001947323 0
0.9950753 -0.09200221 -0.03688404 0
-0.03654803 0.0053359 -0.9993178 0
-0.08730827 1.054688 -0.4767695 1

-0.1265928 -0.9912054 0.03855232 0
0.9819514 -0.1307274 -0.1366807 0
-0.1405184 -0.02055391 -0.989865 0
-0.07233528 1.031832 -0.4729783 1

-0.1487074 -0.9859571 0.07599203 0
0.9852978 -0.1542668 -0.07341811 0
-0.08411021 -0.06395712 -0.9944023 0
-0.07738282 1.012374 -0.4742541 1

0.9906539 -0.08322369 0.1080676 0
0.1224674 0.891537 -0.4360774 0
0.06005426 -0.4452366 -0.8933969 0
0.007445936 0.8827329 0.01335795 1

0.9917229 -0.08116695 -0.099486 0
0.003114715 0.7898175 -0.6133341 0
-0.1283582 -0.6079476 -0.7835329 0
0.01969213 0.957967 -0.04096602 1

-0.9958968 -0.08606663 0.02796686 0
0.03254393 -0.6289725 -0.776746 0
-0.0844423 0.7726487 -0.6291928 0
-0.09200019 0.8615681 0.01722096 1

-0.9847783 -0.02103633 -0.1725382 0
-0.05758061 -0.8971167 0.4380257 0
0.1640013 -0.4412929 -0.8822495 0
0.09887488 0.8455335 0.03804267 1

0.9839663 -0.09280397 -0.1523082 0
-0.01155132 0.8190103 -0.5736625 0
-0.1779802 -0.5662239 -0.8048066 0
0.02019842 1.086351 -0.1406627 1

-0.9946772 -0.03355445 -0.09742227 0
0.001933664 -0.9514031 0.3079424 0
0.1030207 -0.3061149 -0.946404 0
-0.0783856 0.5984404 -0.3077271 1

-0.9946234 -0.02386057 -0.1007724 0
-0.05144794 -0.7306649 0.6807953 0
0.08987501 -0.6823194 -0.7255086 0
0.07478631 0.470229 0.2212887 1

0.9731494 -0.1049782 -0.2048411 0
-0.0611299 0.7401056 -0.6697066 0
-0.2219087 -0.6642464 -0.713816 0
0.01861581 1.198561 -0.2192587 1

-0.9979574 -0.04928197 0.04064848 0
0.02496601 -0.8865656 -0.4619288 0
-0.05880234 0.4599704 -0.8859851 0
-0.07763257 0.2279333 -0.1878044 1

-0.9979982 0.0405423 -0.04854152 0
-0.04671021 -0.9899424 0.1335381 0
0.04263934 -0.135538 -0.9898543 0
0.05475078 0.1856838 0.4864129 1

0.9776638 -0.09534485 -0.1873043 0
-0.06296605 0.7173779 -0.693833 0
-0.2005214 -0.6901292 -0.6953508 0
0.01979486 1.330191 -0.2811159 1

-0.02890033 -0.6965339 -0.7169415 0
-0.9543661 -0.1940525 0.2269998 0
0.2972374 -0.6907851 0.6591402 0
-0.03898647 1.305603 -0.247819 1

0.2654383 0.7169104 0.6446568 0
0.9632249 -0.1682599 -0.2094907 0
0.04171622 -0.6765562 0.7352085 0
0.08059847 1.292704 -0.272992 1

-0.9877768 -0.01592538 0.1550586 0
-0.1511061 -0.1463295 -0.977627 0
-0.03825874 0.9891077 -0.1421345 0
-0.07383772 0.09317523 -0.2580175 1

-0.9897016 -0.01706362 -0.142126 0
0.1428598 -0.180563 -0.9731332 0
0.009057537 0.9834157 -0.1811413 0
0.04765081 0.03521264 0.5067107 1

0.9776638 -0.09534485 -0.1873043 0
-0.06296605 0.7173779 -0.693833 0
-0.2005214 -0.6901292 -0.6953508 0
0.01520349 1.354929 -0.3176737 1

