MeshAnim
1
104
69
60
0.9867374 -0.10685 0.1221982 0
0.1126258 0.9927763 -0.04135898 0
0.1168963 -0.05457312 -0.9916436 0
-0.01184324 0.8984183 0.03917624 1

0.9953476 0.05149607 0.08143231 0
-0.04676282 0.997162 -0.05900192 0
0.08423957 -0.05491941 -0.994931 0
0.0003914088 0.9891543 0.01972077 1

-0.9949488 -0.05689725 0.08270259 0
0.03610771 -0.9715616 -0.2340176 0
-0.09366563 0.2298493 -0.9687084 0
-0.1105899 0.8762158 0.02875774 1

-0.6965851 -0.2576388 -0.6696207 0
0.4758123 -0.8644279 -0.1623809 0
0.537003 0.4317258 -0.7247348 0
0.07953052 0.855629 0.05230232 1

0.9968645 0.02867913 0.07374696 0
-0.0355219 0.995012 0.0932167 0
0.07070574 0.09554408 -0.9929108 0
-0.007209829 1.151242 0.01013009 1

-0.9916818 -0.04866432 0.1191604 0
0.09832045 -0.8838713 0.4572796 0
-0.08306925 -0.4651917 -0.8813038 0
-0.09548443 0.4697675 -0.06914242 1

-0.655236 -0.2562397 -0.7106387 0
0.01507381 -0.9449622 0.3268325 0
0.7552741 -0.2034404 -0.6230355 0
0.2785844 0.4939997 -0.01562893 1

0.995428 0.05821361 0.07572466 0
-0.06310313 0.9959616 0.06386419 0
0.07170107 0.06835067 -0.9950814 0
-0.01207659 1.287566 0.02290145 1

-0.9992504 0.009356074 0.03756764 0
-0.02926815 -0.8177425 -0.5748395 0
-0.02534238 0.5755081 -0.8174034 0
-0.05719528 0.1255594 0.108937 1

-0.414876 0.01576407 -0.9097416 0
0.5371493 -0.8027807 -0.2588707 0
0.7344038 0.5960661 -0.3245866 0
0.2844546 0.1260002 0.1116505 1

0.9955367 0.06470589 0.06869967 0
-0.06155726 0.9969962 -0.04700176 0
0.0715346 -0.042563 -0.9965296 0
-0.02395569 1.422804 0.07509187 1

0.07018517 -0.06175198 -0.9956207 0
-0.9298462 -0.3654407 -0.04288247 0
0.3611923 -0.9287841 0.0830683 0
-0.08238607 1.382855 0.06250048 1

-0.04680176 0.2436917 0.9687228 0
0.94541 -0.3022985 0.1217215 0
-0.3225058 -0.9215369 0.2162406 0
0.03993658 1.39001 0.07180597 1

-0.9877533 0.0006165877 0.1560229 0
-0.1560239 -0.005532738 -0.9877377 0
-0.0002541915 0.9999846 -0.005561275 0
-0.06164403 0.001262546 0.02156143 1

-0.304168 -0.001937397 -0.9526166 0
0.9524358 -0.02020722 -0.3040689 0
0.01866075 0.9997941 -0.007991545 0
0.3661012 0.003977478 0.07230216 1

0.9955367 0.06470589 0.06869967 0
-0.06155726 0.9969962 -0.04700176 0
0.0715346 -0.042563 -0.9965296 0
-0.02596425 1.465679 0.06381521 1

0.8317095 -0.1063429 -0.5449315 0
-0.2561224 -0.9443015 -0.2066309 0
0.4926057 -0.3114259 0.8126214 0
-0.1983007 1.337299 0.05715474 1

0.4460828 0.228167 0.8654189 0
0.5459194 -0.8356079 -0.06108835 0
-0.7092125 -0.4996994 0.4973112 0
0.157791 1.352326 0.08697972 1

-0.9877533 0.0006165877 0.1560229 0
-0.1560239 -0.005532738 -0.9877377 0
-0.0002541915 0.9999846 -0.005561275 0
-0.09050845 0.0002388954 -0.1611701 1

-0.304168 -0.001937397 -0.9526166 0
0.9524358 -0.02020722 -0.3040689 0
0.01866075 0.9997941 -0.007991545 0
0.5423018 0.0002390742 0.0160494 1

0.9978687 -0.0632073 -0.01620515 0
0.06446598 0.9933903 0.09497285 0
-0.01009504 0.09581511 -0.995348 0
-0.02782878 1.505459 0.05336722 1

0.8500793 0.09087317 -0.5187554 0
-0.08935258 -0.9458353 -0.3121082 0
0.5190195 -0.3116688 0.7959154 0
-0.2692132 1.07585 -5.513802E-05 1

0.5328331 0.01362041 0.8461109 0
0.4328895 -0.8635261 -0.2587085 0
-0.7271149 -0.5041208 0.4660113 0
0.3089396 1.120971 0.07006618 1

0.9978687 -0.0632073 -0.01620515 0
0.06446598 0.9933903 0.09497285 0
-0.01009504 0.09581511 -0.995348 0
-0.004132337 1.896164 -0.00558883 1

-0.0100929 0.09581497 -0.995348 0
-0.9978688 0.06320751 0.01620301 0
-0.06446598 -0.9933903 -0.09497285 0
-0.06954952 1.683116 -0.06761423 1

0.01011184 -0.09581403 0.9953478 0
0.9978686 -0.06320574 -0.01622175 0
-0.06446595 -0.9933906 -0.0949707 0
0.0320347 1.676682 -0.06926394 1

0.2903226 0.2810918 -0.9147131 0
-0.2044114 -0.9156043 -0.3462441 0
0.9348416 -0.2875002 0.208362 0
-0.2941379 0.8120115 -0.08711703 1

0.4973967 -0.2007621 0.8439736 0
0.2105401 -0.915834 -0.3419376 0
-0.8415876 -0.3477688 0.4132643 0
0.4296933 0.880092 -0.002100043 1

-0.0006164759 0.792559 -0.6097949 0
0.4583864 -0.5417334 -0.7045617 0
0.8887529 0.2799561 0.3629641 0
-0.2789576 0.7922839 -0.1138341 1

0.3534555 -0.01809929 -0.9352763 0
-0.1278667 -0.9913632 -0.0291382 0
0.9266711 -0.1298897 0.352717 0
-0.306756 0.7211643 -0.1431143 1

0.3026806 0.1424881 -0.9423808 0
0.2518193 -0.9655812 -0.06511498 0
0.9192233 0.2176007 0.3281438 0
-0.3154398 0.7156816 -0.1227944 1

0.1802406 0.4123967 -0.8929961 0
0.3071079 -0.8860739 -0.347214 0
0.9344507 0.2116642 0.2863568 0
-0.3212121 0.7113323 -0.1006637 1

-0.1145365 0.4720745 -0.8740864 0
0.2226016 -0.8453069 -0.4857 0
0.9681581 0.2502035 0.008265764 0
-0.3249255 0.7087947 -0.07961732 1

0.2378624 -0.7319576 0.6384827 0
-0.4946794 -0.6570003 -0.5688964 0
-0.8358913 0.1805253 0.5183598 0
0.4111663 0.8576245 -0.02413359 1

0.5371832 -0.009471692 0.8434126 0
-0.0705045 -0.9969419 0.03370989 0
-0.8405139 0.077573 0.5362082 0
0.438639 0.7872902 -0.05554058 1

0.4183583 -0.2427224 0.8752501 0
-0.3833586 -0.9207807 -0.0721081 0
-0.8234154 0.3053676 0.4782658 0
0.4517982 0.7837662 -0.03729793 1

0.3209914 -0.4329311 0.8423393 0
-0.4154655 -0.8636261 -0.2855494 0
-0.8510894 0.2583041 0.4570845 0
0.4623866 0.7812472 -0.01671761 1

0.05007495 -0.4718558 0.8802529 0
-0.3218419 -0.8419669 -0.433024 0
-0.9454684 0.2616189 0.1940245 0
0.4705877 0.7803032 0.003157645 1

0.2105401 -0.915834 -0.3419378 0
-0.4973967 0.2007622 -0.8439737 0
-0.8415876 -0.3477688 0.4132643 0
0.4294252 0.7454628 -0.04818565 1

0.2164928 0.3903221 -0.894863 0
0.4388392 -0.8576878 -0.2679395 0
0.8720958 0.334694 0.3569718 0
-0.2582663 0.7678304 -0.1456376 1

0.3584081 -0.06836782 -0.9310582 0
0.317086 -0.929111 0.1902861 0
0.878066 0.3634257 0.3113224 0
-0.3138517 0.6661507 -0.1447313 1

0.3339972 0.08977909 -0.9382887 0
0.7188476 -0.6681408 0.1919535 0
0.6096756 0.7385985 0.2876946 0
-0.3008207 0.6596256 -0.1265746 1

0.2190359 0.361053 -0.9064565 0
0.8073167 -0.5887985 -0.03944621 0
0.5479627 0.7231576 0.4204522 0
-0.30457 0.6633164 -0.1194791 1

-0.08659519 0.4283643 -0.8994472 0
0.7072988 -0.6093765 -0.3583135 0
0.7015909 0.6672059 0.2502124 0
-0.3167238 0.6776496 -0.0975128 1

0.4447812 -0.2477417 0.8606939 0
-0.3216308 -0.9410627 -0.1046655 0
-0.8358971 0.2302724 0.4982484 0
0.388836 0.8279669 -0.04981406 1

0.5479407 0.02866478 0.836026 0
-0.4463175 -0.8352587 0.3211604 0
-0.7075039 0.5491101 0.4448785 0
0.4347265 0.7319667 -0.05366996 1

0.4532452 -0.2004487 0.868556 0
-0.8024239 -0.5160778 0.2996327 0
-0.3881818 0.8327571 0.3947544 0
0.4295428 0.7303112 -0.04148409 1

0.3613192 -0.3908474 0.8465739 0
-0.8670831 -0.4747648 0.1508827 0
-0.3429514 0.7885665 0.5104386 0
0.4398728 0.7344476 -0.03219143 1

0.07984579 -0.4347386 0.8970102 0
-0.8033201 -0.5608497 -0.2003112 0
-0.5901709 0.7045922 0.3940156 0
0.4587295 0.7492811 -0.01279702 1

0.1957942 -0.1086996 -0.9746019 0
0.06091335 -0.9905703 0.1227178 0
0.9787514 0.08339369 0.1873266 0
-0.2355403 0.7234135 -0.1595133 1

0.3780081 -0.1025604 -0.9201038 0
0.6221276 -0.7078643 0.3344927 0
0.6856145 0.6988631 0.2037728 0
-0.303099 0.6346436 -0.1382784 1

0.3759297 0.06643575 -0.9242637 0
0.9058546 -0.2364604 0.3514453 0
0.1952034 0.9693672 0.1490737 0
-0.2743527 0.6350248 -0.1195069 1

0.257834 0.342641 -0.903393 0
0.9526045 -0.2463892 0.1784282 0
0.1614496 0.9065812 0.3899291 0
-0.2744738 0.6413665 -0.1209496 1

-0.0327114 0.4043537 -0.9140174 0
0.9815283 -0.1594798 -0.1056802 0
0.1884996 0.9005908 0.3916679 0
-0.2968121 0.6604946 -0.1076 1

0.4489558 0.3502007 0.8220695 0
0.1588525 -0.9366259 0.3122477 0
-0.8793207 0.009597905 0.4761338 0
0.3721805 0.7792341 -0.05523416 1

0.5664904 0.05168016 0.8224463 0
-0.6712217 -0.5500538 0.4968928 0
-0.4780696 0.833529 0.2769114 0
0.4195914 0.7036423 -0.04277911 1

0.5016911 -0.1892719 0.8440866 0
-0.8375877 0.1376158 0.5286864 0
0.2162248 0.9722339 0.08949111 0
0.3999976 0.7113093 -0.03045166 1

0.4007497 -0.3800265 0.8336545 0
-0.903173 -0.01104134 0.429135 0
0.1538777 0.9249099 0.3476541 0
0.4075482 0.7167486 -0.02656657 1

0.1154631 -0.4200469 0.9001274 0
-0.9793295 -0.1996514 0.03245491 0
-0.1660793 0.8852686 0.4344164 0
0.4361147 0.7334923 -0.01843615 1

0.1957942 -0.1086996 -0.9746019 0
0.06091335 -0.9905703 0.1227178 0
0.9787514 0.08339369 0.1873266 0
-0.2336316 0.6923745 -0.155668 1

0.3780081 -0.1025604 -0.9201038 0
0.6221276 -0.7078643 0.3344927 0
0.6856145 0.6988631 0.2037728 0
-0.2869842 0.6163081 -0.1296141 1

0.3759297 0.06643575 -0.9242637 0
0.9058546 -0.2364604 0.3514453 0
0.1952034 0.9693672 0.1490737 0
-0.2562805 0.6303072 -0.1124954 1

0.257834 0.342641 -0.903393 0
0.9526045 -0.2463892 0.1784282 0
0.1614496 0.9065812 0.3899291 0
-0.2584657 0.637226 -0.1179512 1

-0.0327114 0.4043537 -0.9140174 0
0.9815283 -0.1594798 -0.1056802 0
0.1884996 0.9005908 0.3916679 0
-0.2756772 0.6570605 -0.1098755 1

0.4489558 0.3502007 0.8220695 0
0.1588525 -0.9366259 0.3122477 0
-0.8793207 0.009597905 0.4761338 0
0.3771587 0.7498816 -0.04544871 1

0.5664904 0.05168016 0.8224463 0
-0.6712217 -0.5500538 0.4968928 0
-0.4780696 0.833529 0.2769114 0
0.4022052 0.6893945 -0.02990834 1

0.5016911 -0.1892719 0.8440866 0
-0.8375877 0.1376158 0.5286864 0
0.2162248 0.9722339 0.08949111 0
0.383287 0.7140549 -0.01990389 1

0.4007497 -0.3800265 0.8336545 0
-0.903173 -0.01104134 0.429135 0
0.1538777 0.9249099 0.3476541 0
0.3923708 0.7165631 -0.01935514 1

0.1154631 -0.4200469 0.9001274 0
-0.9793295 -0.1996514 0.03245491 0
-0.1660793 0.8852686 0.4344164 0
0.4150271 0.7291933 -0.01773734 1

0.9869792 -0.1076019 0.1195567 0
0.1133247 0.9926645 -0.04212696 0
0.1141468 -0.05512717 -0.9919332 0
-0.01156964 0.8985471 0.03919332 1

0.9955664 0.05123367 0.07888453 0
-0.04659811 0.9971387 -0.05952457 0
0.08170848 -0.05558479 -0.995105 0
0.0006861342 0.9892641 0.01966243 1

-0.9949498 -0.05621427 0.0831578 0
0.03537019 -0.9716756 -0.2336578 0
-0.09393732 0.2295365 -0.9687563 0
-0.1103625 0.8764207 0.02905444 1

-0.6979301 -0.2574435 -0.6682938 0
0.474324 -0.8653132 -0.1620182 0
0.5365728 0.4300651 -0.7260397 0
0.07980455 0.855689 0.05209007 1

0.997036 0.02850638 0.07146114 0
-0.03509409 0.9950759 0.09269485 0
0.06846688 0.09492797 -0.9931269 0
-0.006888328 1.151348 0.00998679 1

-0.9916661 -0.04799912 0.1195612 0
0.09781258 -0.884491 0.4561892 0
-0.08385418 -0.4640821 -0.8818142 0
-0.09556554 0.4699247 -0.06869523 1

-0.6565495 -0.2561541 -0.7094563 0
0.01505782 -0.9448339 0.3272039 0
0.7541327 -0.2041426 -0.6241872 0
0.2782357 0.4936893 -0.01568945 1

0.9955879 0.05810535 0.07367856 0
-0.06282333 0.9960076 0.06342141 0
0.06969928 0.06777035 -0.9952634 0
-0.01169648 1.28768 0.02268666 1

-0.9992467 0.009683795 0.03758799 0
-0.02954476 -0.8178095 -0.5747305 0
-0.02517422 0.5754079 -0.817479 0
-0.05747419 0.1254753 0.1089596 1

-0.4147399 0.01636108 -0.9097931 0
0.5366044 -0.8030842 -0.2590596 0
0.7348787 0.5956412 -0.3242914 0
0.2840998 0.1257398 0.1117345 1

0.9956924 0.06446036 0.06664426 0
-0.06137741 0.9969923 -0.04731788 0
0.06949395 -0.0430236 -0.9966542 0
-0.02344959 1.42295 0.07482354 1

0.06780569 -0.06253088 -0.995737 0
-0.9299402 -0.3654881 -0.04037324 0
0.3614053 -0.9287135 0.08293224 0
-0.08191132 1.383003 0.0623732 1

-0.04473926 0.2442856 0.9686707 0
0.9454401 -0.3028728 0.1200467 0
-0.3227098 -0.9211908 0.2174071 0
0.04043096 1.390145 0.07142726 1

-0.9877502 0.001065463 0.1560414 0
-0.156045 -0.00564993 -0.9877339 0
0.0001707897 0.9999838 -0.005746854 0
-0.06196499 0.001168311 0.02160058 1

-0.3040542 -0.001619343 -0.9526535 0
0.9524701 -0.02020966 -0.3039612 0
0.01876051 0.9997945 -0.007687115 0
0.3656636 0.003670931 0.07235751 1

0.9956924 0.06446036 0.06664426 0
-0.06137741 0.9969923 -0.04731788 0
0.06949395 -0.0430236 -0.9966542 0
-0.02546924 1.465821 0.06353201 1

0.8310459 -0.1091077 -0.5453975 0
-0.2580487 -0.9442858 -0.2042938 0
0.4927211 -0.3105165 0.8128998 0
-0.1978377 1.337441 0.05734026 1

0.445935 0.2297495 0.8650764 0
0.5477281 -0.8344494 -0.06073084 0
-0.7079096 -0.5009086 0.4979503 0
0.1582891 1.352389 0.08639223 1

-0.9877502 0.001065463 0.1560414 0
-0.156045 -0.00564993 -0.9877339 0
0.0001707897 0.9999838 -0.005746854 0
-0.0908333 0.0001230836 -0.1611302 1

-0.3040542 -0.001619343 -0.9526535 0
0.9524701 -0.02020966 -0.3039612 0
0.01876051 0.9997945 -0.007687115 0
0.5418706 -6.783009E-05 0.01612467 1

0.9977565 -0.06389272 -0.01999868 0
0.06547548 0.9935737 0.09232713 0
-0.01397115 0.09342941 -0.995528 0
-0.02734406 1.505596 0.05307025 1

0.849817 0.08971646 -0.5193864 0
-0.09001967 -0.9462242 -0.3107357 0
0.5193341 -0.3108234 0.796041 0
-0.2692836 1.075997 0.0007774495 1

0.5333787 0.01470076 0.8457491 0
0.4342949 -0.8627638 -0.2588952 0
-0.7258757 -0.5053934 0.4665642 0
0.3099386 1.121355 0.06957769 1

0.9977565 -0.06389272 -0.01999868 0
0.06547548 0.9935737 0.09232713 0
-0.01397115 0.09342941 -0.995528 0
-0.003631556 1.896144 -0.006918807 1

-0.01396902 0.09342927 -0.995528 0
-0.9977565 0.06389292 0.01999654 0
-0.06547548 -0.9935737 -0.09232713 0
-0.06942959 1.68299 -0.06817234 1

0.01398793 -0.09342834 0.9955279 0
0.9977562 -0.06389118 -0.02001529 0
-0.06547542 -0.9935739 -0.09232499 0
0.03214315 1.676486 -0.07020824 1

0.2869312 0.2807964 -0.9158733 0
-0.203916 -0.91626 -0.3447991 0
0.9359963 -0.2856947 0.2056448 0
-0.2943944 0.8120496 -0.08590164 1

0.4968347 -0.200125 0.8444557 0
0.2113152 -0.915865 -0.3413753 0
-0.8417253 -0.3480534 0.412744 0
0.4310843 0.8806887 -0.00264062 1

0.006322905 0.7970845 -0.603835 0
0.4340712 -0.5461783 -0.7164298 0
0.9008566 0.2575777 0.349445 0
-0.2792646 0.792325 -0.1126495 1

0.3523452 -0.02274713 -0.9355936 0
-0.1228298 -0.9921814 -0.02213479 0
0.927775 -0.1227176 0.3523843 0
-0.307032 0.7211317 -0.1417796 1

0.3017743 0.1377311 -0.9433782 0
0.2584241 -0.964282 -0.05811631 0
0.9176872 0.2262538 0.3265886 0
-0.3156418 0.7156516 -0.1214276 1

0.1950387 0.3926317 -0.8987772 0
0.2677173 -0.9028892 -0.336332 0
0.9435506 0.1750208 0.2812127 0
-0.3213362 0.7113116 -0.09927497 1

-0.107085 0.4676833 -0.8773856 0
0.2033123 -0.8535122 -0.479772 0
0.9732405 0.2297598 0.003687643 0
-0.3249786 0.708786 -0.07821465 1

0.2399531 -0.7374217 0.6313729 0
-0.4837652 -0.6546988 -0.5808106 0
-0.8416612 0.1660689 0.513836 0
0.4125871 0.8582014 -0.02467921 1

0.5415249 -0.002650499 0.8406806 0
-0.06824211 -0.9968336 0.04081526 0
-0.8379105 0.07947244 0.539991 0
0.4401235 0.7878687 -0.0560341 1

0.4205459 -0.2325357 0.8769655 0
-0.3925335 -0.9180799 -0.0551994 0
-0.8179601 0.3210244 0.4773726 0
0.45327 0.7843597 -0.03777938 1

0.333369 -0.4160795 0.846016 0
-0.4018529 -0.8744613 -0.2717209 0
-0.8528654 0.2493907 0.4587209 0
0.4638435 0.7818555 -0.01718955 1

0.06246412 -0.4528428 0.8893996 0
-0.3143519 -0.85471 -0.4131028 0
-0.9472495 0.2537803 0.1957406 0
0.4720293 0.7809248 0.002692606 1

0.2113152 -0.9158652 -0.3413754 0
-0.4968348 0.2001252 -0.8444557 0
-0.8417253 -0.3480534 0.412744 0
0.4309268 0.7460394 -0.04866842 1

0.2034782 0.4067389 -0.8905956 0
0.4160388 -0.8593371 -0.2974086 0
0.8862894 0.3100063 0.3440756 0
-0.2596709 0.7676709 -0.1449887 1

0.3590223 -0.07690866 -0.9301549 0
0.3572532 -0.9093768 0.2130837 0
0.8622491 0.4088028 0.2990108 0
-0.3138482 0.6660727 -0.143008 1

0.3345615 0.08426677 -0.938599 0
0.7319149 -0.650618 0.2024775 0
0.5936072 0.7547159 0.2793478 0
-0.3006392 0.6596711 -0.1248015 1

0.23417 0.3374699 -0.9117448 0
0.799103 -0.6009487 -0.01719353 0
0.5537141 0.7245519 0.4103973 0
-0.3068287 0.6623845 -0.1175006 1

-0.08266923 0.4255654 -0.9011438 0
0.6671641 -0.6480828 -0.3672613 0
0.7403095 0.6315723 0.2303455 0
-0.3174876 0.6773386 -0.09589169 1

0.4409628 -0.2556269 0.8603526 0
-0.3143167 -0.9418623 -0.1187462 0
-0.8406885 0.2180605 0.4956738 0
0.3907495 0.8286477 -0.05089754 1

0.5552546 0.04079369 0.8306795 0
-0.4952397 -0.7861939 0.3696441 0
-0.6681542 0.616632 0.4163351 0
0.4363365 0.7325512 -0.05376907 1

0.4590495 -0.1887892 0.8681198 0
-0.8217636 -0.4615641 0.3341609 0
-0.3376069 0.8667856 0.367021 0
0.4304819 0.7310616 -0.04098394 1

0.3774391 -0.3708628 0.8485284 0
-0.8769197 -0.4375909 0.1988118 0
-0.2975764 0.8191305 0.4903808 0
0.4420673 0.7344688 -0.03191403 1

0.0959 -0.4122833 0.9059944 0
-0.8308237 -0.5344399 -0.1552603 0
-0.5482108 0.737832 0.3937876 0
0.4604471 0.7494331 -0.01252807 1

0.1725626 -0.07295314 -0.9822933 0
0.02479448 -0.9966161 0.07837246 0
0.9846866 0.03787985 0.17017 0
-0.2381256 0.7231686 -0.1603906 1

0.380833 -0.1106757 -0.9179963 0
0.6594861 -0.6633766 0.3535676 0
0.6481087 0.7400563 0.1796467 0
-0.3017333 0.6352347 -0.1357821 1

0.3776653 0.06180851 -0.923877 0
0.9106563 -0.2053449 0.3585232 0
0.1675538 0.9767362 0.133838 0
-0.27369 0.6357152 -0.1173463 1

0.273176 0.3184442 -0.9077269 0
0.9476849 -0.2510702 0.1971221 0
0.165131 0.9140885 0.3703712 0
-0.2770388 0.6399816 -0.1181416 1

-0.03561997 0.3999304 -0.9158533 0
0.9554653 -0.2550085 -0.1485163 0
0.2929467 0.8803562 0.3730361 0
-0.2987057 0.6590939 -0.1062308 1

0.4444858 0.3384679 0.8293805 0
0.1795904 -0.9407417 0.2876671 0
-0.8775989 -0.02108477 0.4789319 0
0.3744728 0.7798737 -0.05704675 1

0.5767515 0.06288555 0.814496 0
-0.7109995 -0.4523458 0.5383894 0
-0.4022905 0.8896231 0.2161794 0
0.4195425 0.7058907 -0.04123409 1

0.5087718 -0.181438 0.8415651 0
-0.8131549 0.2197449 0.5389724 0
0.2827197 0.9585367 0.03573737 0
0.4002248 0.7140669 -0.02868018 1

0.4179691 -0.3620121 0.8332163 0
-0.8831119 0.05324359 0.4661314 0
0.2131088 0.9306517 0.2974431 0
0.4093759 0.7181556 -0.02450237 1

0.1331366 -0.3987552 0.9073418 0
-0.9855842 -0.149701 0.07882704 0
-0.1043973 0.9047563 0.4129376 0
0.4370579 0.7343877 -0.01689892 1

0.1725626 -0.07295314 -0.9822933 0
0.02479448 -0.9966161 0.07837246 0
0.9846866 0.03787985 0.17017 0
-0.2373486 0.6919401 -0.1579348 1

0.380833 -0.1106757 -0.9179963 0
0.6594861 -0.6633766 0.3535676 0
0.6481087 0.7400563 0.1796467 0
-0.2846508 0.6180515 -0.1266237 1

0.3776653 0.06180851 -0.923877 0
0.9106563 -0.2053449 0.3585232 0
0.1675538 0.9767362 0.133838 0
-0.255522 0.6316186 -0.1101936 1

0.273176 0.3184442 -0.9077269 0
0.9476849 -0.2510702 0.1971221 0
0.165131 0.9140885 0.3703712 0
-0.2611133 0.6357626 -0.114829 1

-0.03561997 0.3999304 -0.9158533 0
0.9554653 -0.2550085 -0.1485163 0
0.2929467 0.8803562 0.3730361 0
-0.2781319 0.653603 -0.1094287 1

0.4444858 0.3384679 0.8293805 0
0.1795904 -0.9407417 0.2876671 0
-0.8775989 -0.02108477 0.4789319 0
0.3801008 0.7503921 -0.04803165 1

0.5767515 0.06288555 0.814496 0
-0.7109995 -0.4523458 0.5383894 0
-0.4022905 0.8896231 0.2161794 0
0.4011259 0.6941738 -0.02728851 1

0.5087718 -0.181438 0.8415651 0
-0.8131549 0.2197449 0.5389724 0
0.2827197 0.9585367 0.03573737 0
0.3840015 0.7184511 -0.01792718 1

0.4179691 -0.3620121 0.8332163 0
-0.8831119 0.05324359 0.4661314 0
0.2131088 0.9306517 0.2974431 0
0.3945356 0.7190504 -0.01666924 1

0.1331366 -0.3987552 0.9073418 0
-0.9855842 -0.149701 0.07882704 0
-0.1043973 0.9047563 0.4129376 0
0.4158357 0.7311642 -0.01520157 1

0.9871947 -0.1096268 0.1158823 0
0.1152958 0.9923832 -0.04338584 0
0.1102434 -0.05619101 -0.9923149 0
-0.01113016 0.8987734 0.03924096 1

0.9958236 0.05089541 0.07579672 0
-0.04642514 0.9971412 -0.05961551 0
0.07861419 -0.05584765 -0.9953395 0
0.001245912 0.9894476 0.0195879 1

-0.9949898 -0.05485048 0.08358865 0
0.03400874 -0.9718975 -0.2329351 0
-0.09401622 0.2289253 -0.9688933 0
-0.1100083 0.8768512 0.02949727 1

-0.699631 -0.2566908 -0.6668032 0
0.4719408 -0.8667065 -0.1615302 0
0.5364593 0.4277031 -0.7275174 0
0.08020027 0.8557294 0.05182493 1

0.9972073 0.02846962 0.06904375 0
-0.03482452 0.9950887 0.09265846 0
0.0660667 0.0948041 -0.9933012 0
-0.006300434 1.151532 0.009897476 1

-0.9916928 -0.0466616 0.1198683 0
0.09656441 -0.8856932 0.4541178 0
-0.08497667 -0.4619204 -0.8828412 0
-0.09578089 0.4702624 -0.06795003 1

-0.6582707 -0.2555359 -0.7080827 0
0.01462536 -0.944786 0.3273619 0
0.7526394 -0.2051368 -0.6256621 0
0.2776344 0.4931468 -0.01575045 1

0.9957045 0.05828772 0.07193716 0
-0.06289352 0.9959973 0.06351295 0
0.06794719 0.06776454 -0.9953849 0
-0.01107164 1.287866 0.02259236 1

-0.9992347 0.01068808 0.03763168 0
-0.03038398 -0.817961 -0.5744709 0
-0.02464129 0.5751746 -0.8176595 0
-0.0581756 0.1253448 0.1088981 1

-0.4143294 0.01730233 -0.9099625 0
0.5354328 -0.8038588 -0.2590811 0
0.7359641 0.5945687 -0.3237981 0
0.2833301 0.1252159 0.1117351 1

0.9958252 0.0641 0.06498733 0
-0.06112688 0.9970345 -0.04675111 0
0.06779136 -0.04258346 -0.9967903 0
-0.0227582 1.423134 0.07474723 1

0.0651208 -0.06301711 -0.9958858 0
-0.9298191 -0.3660879 -0.03763577 0
0.3622099 -0.9284442 0.08243471 0
-0.08123435 1.383177 0.06239983 1

-0.04307416 0.2443762 0.9687234 0
0.945283 -0.3038947 0.1186941 0
-0.3233958 -0.9208302 0.2179147 0
0.04112226 1.390341 0.0712399 1

-0.9877414 0.002195038 0.1560849 0
-0.1560954 -0.005903589 -0.9877244 0
0.001246609 0.9999804 -0.006173846 0
-0.06279397 0.001014769 0.0215785 1

-0.3036583 -0.0008336641 -0.9527806 0
0.9525876 -0.02042118 -0.3035788 0
0.01920384 0.9997913 -0.006995214 0
0.3647158 0.003029466 0.07235479 1

0.9958252 0.0641 0.06498733 0
-0.06112688 0.9970345 -0.04675111 0
0.06779136 -0.04258346 -0.9967903 0
-0.02478277 1.466011 0.06347904 1

0.830278 -0.111714 -0.546039 0
-0.2592763 -0.9446618 -0.2009733 0
0.4933708 -0.3084386 0.8132967 0
-0.1971456 1.33754 0.05770816 1

0.4456816 0.2323903 0.8645014 0
0.550238 -0.8328653 -0.05978142 0
-0.7061205 -0.5023251 0.4990627 0
0.1589608 1.352458 0.08603626 1

-0.9877414 0.002195038 0.1560849 0
-0.1560954 -0.005903589 -0.9877244 0
0.001246609 0.9999804 -0.006173846 0
-0.09167161 -7.736683E-05 -0.1611505 1

-0.3036583 -0.0008336641 -0.9527806 0
0.9525876 -0.02042118 -0.3035788 0
0.01920384 0.9997913 -0.006995214 0
0.5409445 -0.0007484555 0.01619271 1

0.9975752 -0.06509058 -0.02463453 0
0.06703591 0.9937941 0.08876676 0
-0.01870378 0.09020298 -0.9957476 0
-0.02666212 1.505792 0.05303891 1

0.8493079 0.08976907 -0.5202095 0
-0.08916243 -0.9468845 -0.3089661 0
0.5203141 -0.3087905 0.7961924 0
-0.2689314 1.075992 0.002064694 1

0.5342334 0.01622491 0.8451815 0
0.4360204 -0.8618434 -0.2590607 0
-0.7242106 -0.5069152 0.4674998 0
0.3113052 1.121862 0.06948458 1

0.9975752 -0.06509058 -0.02463453 0
0.06703591 0.9937941 0.08876676 0
-0.01870378 0.09020298 -0.9957476 0
-0.002804074 1.896115 -0.008338109 1

-0.01870162 0.09020282 -0.9957476 0
-0.9975753 0.06509077 0.02463239 0
-0.06703591 -0.9937941 -0.08876676 0
-0.06913762 1.682838 -0.06857586 1

0.01872057 -0.09020193 0.9957474 0
0.997575 -0.06508908 -0.02465113 0
-0.06703587 -0.9937943 -0.08876465 0
0.03241669 1.676211 -0.07108368 1

0.2817972 0.2803764 -0.9175947 0
-0.2006764 -0.917977 -0.3421217 0
0.9382536 -0.2805484 0.2024187 0
-0.2938031 0.8118601 -0.08412077 1

0.4960249 -0.1991581 0.84516 0
0.2115263 -0.916303 -0.3400673 0
-0.8421497 -0.3474553 0.412382 0
0.4329323 0.8814528 -0.002779882 1

0.0123765 0.8015133 -0.5978495 0
0.4056478 -0.5505098 -0.7296497 0
0.9139459 0.2334858 0.3319457 0
-0.2786821 0.7921578 -0.1108901 1

0.3535329 -0.03235584 -0.9348624 0
-0.1090301 -0.9940152 -0.006828083 0
0.9290463 -0.104342 0.3549451 0
-0.3062072 0.7207662 -0.1397637 1

0.2994202 0.1341026 -0.9446504 0
0.2737817 -0.9605135 -0.04957524 0
0.9139975 0.2437842 0.3243122 0
-0.3147066 0.715284 -0.1193659 1

0.2088454 0.3674191 -0.9063042 0
0.2241581 -0.9200517 -0.321338 0
0.9519125 0.1360455 0.2745088 0
-0.3202893 0.7109605 -0.09718166 1

-0.09858447 0.4550749 -0.8849794 0
0.1839996 -0.8656414 -0.4656279 0
0.9779702 0.2087395 -0.001604989 0
-0.3238335 0.7084595 -0.07610166 1

0.2418039 -0.7434132 0.6235927 0
-0.471192 -0.6517652 -0.5942898 0
-0.8482388 0.1501303 0.5078898 0
0.4144531 0.8589409 -0.02480843 1

0.5480518 0.008073397 0.8364055 0
-0.07149301 -0.995842 0.05645809 0
-0.8333836 0.0907392 0.5451959 0
0.4420104 0.7885668 -0.05605229 1

0.4236133 -0.2171006 0.8794426 0
-0.4108947 -0.9112819 -0.02703902 0
-0.8072904 0.3499041 0.4752367 0
0.4551395 0.7850786 -0.03778109 1

0.3478688 -0.3922974 0.8515223 0
-0.3880894 -0.8870342 -0.2501134 0
-0.8534483 0.2434603 0.4608181 0
0.4656935 0.7825981 -0.01717843 1

0.07689078 -0.4283779 0.9003225 0
-0.3056944 -0.8696343 -0.387669 0
-0.94902 0.2454155 0.1978197 0
0.4738608 0.7816905 0.002712466 1

0.2115263 -0.916303 -0.3400675 0
-0.4960251 0.1991582 -0.8451601 0
-0.8421497 -0.3474553 0.412382 0
0.432802 0.7467477 -0.04864449 1

0.1862505 0.4280253 -0.8843675 0
0.3895237 -0.8585228 -0.3334816 0
0.9019878 0.2823709 0.3266264 0
-0.2603715 0.7673082 -0.143826 1

0.3636458 -0.09233686 -0.9269497 0
0.4233072 -0.8700222 0.2527314 0
0.8298031 0.4842891 0.2772932 0
-0.3122575 0.6656055 -0.1401426 1

0.3353887 0.0792713 -0.9387388 0
0.7586986 -0.6134335 0.219264 0
0.5584725 0.7857584 0.2658817 0
-0.2988124 0.6595224 -0.122244 1

0.2550376 0.3030819 -0.9182036 0
0.8325548 -0.5517606 0.04912247 0
0.4917404 0.7769826 0.3930519 0
-0.3081423 0.6611034 -0.1145948 1

-0.07667285 0.4136699 -0.907193 0
0.6347187 -0.6814423 -0.3643741 0
0.7689304 0.6037498 0.2103159 0
-0.3170541 0.6765652 -0.09325758 1

0.4351176 -0.267727 0.8596481 0
-0.3062229 -0.9418557 -0.1383322 0
-0.8466998 0.2030533 0.491802 0
0.393183 0.8295196 -0.05163519 1

0.5675257 0.05910996 0.8212311 0
-0.5716105 -0.6895958 0.4446564 0
-0.5926013 0.7217783 0.3575755 0
0.4380431 0.7333045 -0.05291927 1

0.4674513 -0.1721633 0.8670923 0
-0.8448002 -0.3759078 0.3807963 0
-0.2603877 0.9105237 0.3211622 0
0.4312855 0.7321754 -0.03935089 1

0.3990198 -0.3426376 0.8505191 0
-0.8928207 -0.3565373 0.2752319 0
-0.2089373 0.8691838 0.4481793 0
0.4446632 0.7345302 -0.03073199 1

0.1174432 -0.3823889 0.9165077 0
-0.8774608 -0.472138 -0.08454754 0
-0.4650482 0.7942699 0.3909806 0
0.4625975 0.749649 -0.01157111 1

0.1465444 -0.03023931 -0.9887422 0
-0.01727703 -0.9994587 0.02800666 0
0.9890532 -0.01297824 0.1469876 0
-0.2401993 0.7228479 -0.161096 1

0.3893109 -0.1249985 -0.9125858 0
0.7173067 -0.5803958 0.3855028 0
0.5778482 0.8046841 0.1362921 0
-0.2979026 0.636102 -0.1315722 1

0.3813003 0.0587311 -0.9225838 0
0.9185076 -0.1370568 0.370891 0
0.1046638 0.9888207 0.1062046 0
-0.2708772 0.6369358 -0.1141707 1

0.2959596 0.2864718 -0.9112312 0
0.9514939 -0.1723768 0.2548453 0
0.08406943 0.9424543 0.3235925 0
-0.2771052 0.6405343 -0.1127635 1

-0.03709687 0.3879912 -0.9209165 0
0.918632 -0.3495196 -0.1842605 0
0.3933701 0.8528185 0.3434548 0
-0.2991857 0.6573814 -0.1035154 1

0.4393833 0.3214852 0.8388026 0
0.2051056 -0.9450051 0.2547502 0
-0.874571 -0.06010997 0.481158 0
0.3773254 0.780746 -0.05879865 1

0.593357 0.07804686 0.8011466 0
-0.7571709 -0.2836465 0.5884194 0
-0.2731669 0.9557478 0.1092087 0
0.4186592 0.7099197 -0.03784053 1

0.5185586 -0.1710024 0.837768 0
-0.767334 0.3391899 0.5441958 0
0.3772211 0.9250452 -0.04467392 0
0.4001802 0.7183343 -0.02533005 1

0.4405057 -0.3381352 0.8316367 0
-0.8411222 0.168346 0.5139779 0
0.3137966 0.9259182 0.2102555 0
0.4113791 0.7212387 -0.02047146 1

0.1564303 -0.3717828 0.915045 0
-0.9876891 -0.05857658 0.1450494 0
0.000326369 0.9264702 0.376369 0
0.4378955 0.7363575 -0.01395131 1

0.1465444 -0.03023931 -0.9887422 0
-0.01727703 -0.9994587 0.02800666 0
0.9890532 -0.01297824 0.1469876 0
-0.2407407 0.6915305 -0.1602184 1

0.3893109 -0.1249985 -0.9125858 0
0.7173067 -0.5803958 0.3855028 0
0.5778482 0.8046841 0.1362921 0
-0.2793226 0.6210681 -0.1215867 1

0.3813003 0.0587311 -0.9225838 0
0.9185076 -0.1370568 0.370891 0
0.1046638 0.9888207 0.1062046 0
-0.2525524 0.6342014 -0.1067712 1

0.2959596 0.2864718 -0.9112312 0
0.9514939 -0.1723768 0.2548453 0
0.08406943 0.9424543 0.3235925 0
-0.2611158 0.6376376 -0.1084809 1

-0.03709687 0.3879912 -0.9209165 0
0.918632 -0.3495196 -0.1842605 0
0.3933701 0.8528185 0.3434548 0
-0.2794049 0.6498551 -0.107483 1

0.4393833 0.3214852 0.8388026 0
0.2051056 -0.9450051 0.2547502 0
-0.874571 -0.06010997 0.481158 0
0.3837531 0.7511308 -0.05081512 1

0.593357 0.07804686 0.8011466 0
-0.7571709 -0.2836465 0.5884194 0
-0.2731669 0.9557478 0.1092087 0
0.3990467 0.7025727 -0.02259899 1

0.5185586 -0.1710024 0.837768 0
-0.767334 0.3391899 0.5441958 0
0.3772211 0.9250452 -0.04467392 0
0.3848712 0.7251015 -0.0144728 1

0.4405057 -0.3381352 0.8316367 0
-0.8411222 0.168346 0.5139779 0
0.3137966 0.9259182 0.2102555 0
0.3972444 0.7240676 -0.01183427 1

0.1564303 -0.3717828 0.915045 0
-0.9876891 -0.05857658 0.1450494 0
0.000326369 0.9264702 0.376369 0
0.4166278 0.7350964 -0.01082797 1

0.9874508 -0.112537 0.110798 0
0.1181366 0.9919626 -0.04532129 0
0.1048072 -0.05784184 -0.9928091 0
-0.01064665 0.8990562 0.03946652 1

0.9961271 0.0509373 0.0716671 0
-0.04664757 0.9970892 -0.06030852 0
0.07453045 -0.05673185 -0.9956037 0
0.00190578 0.9896656 0.0196271 1

-0.995039 -0.05306263 0.08415365 0
0.03218932 -0.9721007 -0.2323442 0
-0.09413463 0.2284826 -0.9689863 0
-0.1096424 0.8774282 0.03027599 1

-0.7012236 -0.2554765 -0.6655952 0
0.4692065 -0.868279 -0.1610494 0
0.536778 0.4252332 -0.7287291 0
0.08061547 0.8557456 0.05162404 1

0.9974052 0.0289853 0.06589989 0
-0.03499952 0.9951417 0.09202173 0
0.06291246 0.09408941 -0.993574 0
-0.005676719 1.151741 0.009824025 1

-0.9917249 -0.04491947 0.120266 0
0.09490855 -0.8873652 0.4511934 0
-0.08645245 -0.458874 -0.8842854 0
-0.0961762 0.4707543 -0.06692411 1

-0.6601762 -0.254411 -0.7067125 0
0.01403047 -0.9449025 0.327051 0
0.7509797 -0.2059959 -0.6273717 0
0.2769058 0.4925053 -0.01575023 1

0.9958082 0.05916182 0.06975533 0
-0.06358705 0.9959844 0.06302393 0
0.06574662 0.06719527 -0.9955714 0
-0.0104719 1.288083 0.02243168 1

-0.9992167 0.01206104 0.0376894 0
-0.03153127 -0.818154 -0.5741338 0
-0.0239111 0.5748725 -0.8178935 0
-0.05921576 0.1251856 0.1087851 1

-0.4137105 0.01840813 -0.9102223 0
0.533675 -0.8051023 -0.258846 0
0.737587 0.5928502 -0.3232554 0
0.2823697 0.1245288 0.1116143 1

0.9959533 0.06414367 0.06294977 0
-0.06127301 0.9970363 -0.04652189 0
0.06574729 -0.04247651 -0.9969319 0
-0.02215889 1.423374 0.07452682 1

0.06211796 -0.06395303 -0.9960179 0
-0.9296708 -0.3667796 -0.03442977 0
0.3631169 -0.9281073 0.08223901 0
-0.08062817 1.38336 0.06233045 1

-0.04113993 0.2450391 0.96864 0
0.9452689 -0.3045243 0.1171835 0
-0.3236889 -0.920446 0.2190997 0
0.04174119 1.390632 0.07090241 1

-0.9877275 0.003690861 0.1561433 0
-0.1561641 -0.006246001 -0.9877114 0
0.002670221 0.9999737 -0.006745748 0
-0.0640085 0.0008262396 0.02151683 1

-0.3030502 0.000228174 -0.9529745 0
0.9527736 -0.02046469 -0.3029914 0
0.01957139 0.9997905 -0.005984429 0
0.3634883 0.002153337 0.07226969 1

0.9959533 0.06414367 0.06294977 0
-0.06127301 0.9970363 -0.04652189 0
0.06574729 -0.04247651 -0.9969319 0
-0.02420875 1.466252 0.06326725 1

0.8292957 -0.1165217 -0.5465266 0
-0.2612172 -0.9454197 -0.1948018 0
0.4939984 -0.3043104 0.8144701 0
-0.1965209 1.337637 0.05803844 1

0.4457204 0.2383782 0.8628494 0
0.5536355 -0.8308433 -0.05645443 0
-0.7034352 -0.502867 0.5022982 0
0.159578 1.35267 0.08551044 1

-0.9877275 0.003690861 0.1561433 0
-0.1561641 -0.006246001 -0.9877114 0
0.002670221 0.9999737 -0.006745748 0
-0.09289887 -0.0003292561 -0.1612098 1

-0.3030502 0.000228174 -0.9529745 0
0.9527736 -0.02046469 -0.3029914 0
0.01957139 0.9997905 -0.005984429 0
0.5397514 -0.001632631 0.01621626 1

0.9974751 -0.06486066 -0.02892234 0
0.06707039 0.9942538 0.08343437 0
-0.02334455 0.08516353 -0.9960933 0
-0.02611153 1.506034 0.05283513 1

0.8487559 0.09229096 -0.5206687 0
-0.08512352 -0.9479624 -0.3067924 0
0.5218886 -0.3047131 0.7967325 0
-0.2688442 1.075879 0.004103657 1

0.5367151 0.01793949 0.8435729 0
0.436715 -0.8613479 -0.2595382 0
-0.7219536 -0.507699 0.4701329 0
0.3128631 1.122634 0.0698799 1

0.9974751 -0.06486066 -0.02892234 0
0.06707039 0.9942538 0.08343437 0
-0.02334455 0.08516353 -0.9960933 0
-0.002685179 1.89605 -0.01062258 1

-0.0233424 0.08516338 -0.9960935 0
-0.9974751 0.06486084 0.02892021 0
-0.06707039 -0.9942538 -0.08343437 0
-0.06921612 1.682448 -0.06947456 1

0.02336133 -0.08516245 0.9960932 0
0.9974746 -0.06485923 -0.02893896 0
-0.06707031 -0.9942539 -0.08343222 0
0.03232801 1.675845 -0.07241886 1

0.276407 0.2799344 -0.9193673 0
-0.1945575 -0.9205297 -0.3387817 0
0.9411412 -0.2725112 0.1999776 0
-0.2925892 0.8114468 -0.08147546 1

0.4952799 -0.1974043 0.8460078 0
0.2116014 -0.9170978 -0.3378703 0
-0.8425692 -0.3463568 0.412449 0
0.4346839 0.882363 -0.002517752 1

0.01806237 0.8056131 -0.5921672 0
0.3756639 -0.5543374 -0.742689 0
0.9265801 0.2090411 0.3126523 0
-0.2774044 0.7917872 -0.1082401 1

0.3597518 -0.04627581 -0.9319 0
-0.08380261 -0.9963355 0.01712442 0
0.9292773 -0.07193508 0.3623115 0
-0.3044608 0.720096 -0.1368128 1

0.2964973 0.1327126 -0.945768 0
0.3000656 -0.9530937 -0.03967006 0
0.9066699 0.2720304 0.3224122 0
-0.3128464 0.7146059 -0.11637 1

0.2206407 0.3393807 -0.9144065 0
0.1854179 -0.9350096 -0.3022873 0
0.9575688 0.1028504 0.2692284 0
-0.3183182 0.7103028 -0.09415414 1

-0.08939305 0.4330691 -0.8969172 0
0.1699025 -0.880693 -0.4421689 0
0.9813982 0.1919154 -0.005148157 0
-0.32177 0.7078349 -0.07305492 1

0.2439646 -0.7494031 0.6155294 0
-0.4571297 -0.6486355 -0.6085265 0
-0.8552859 0.1329179 0.5008183 0
0.4162178 0.8598068 -0.02451188 1

0.5579917 0.02413449 0.8294956 0
-0.08468422 -0.9927026 0.0858492 0
-0.8255146 0.1181482 0.551876 0
0.4437852 0.7893579 -0.05557763 1

0.4278642 -0.1972088 0.8820662 0
-0.4384599 -0.8986737 0.01176219 0
-0.7903702 0.3917835 0.4709785 0
0.4568984 0.7859071 -0.03728796 1

0.3613428 -0.3645565 0.8582133 0
-0.3797053 -0.8981609 -0.2216542 0
-0.8516194 0.245775 0.462968 0
0.4674347 0.7834697 -0.01667111 1

0.09115808 -0.3998124 0.9120529 0
-0.2990782 -0.8845774 -0.3578757 0
-0.9498645 0.240152 0.2002116 0
0.4755852 0.7826041 0.003228523 1

0.2116014 -0.9170979 -0.3378705 0
-0.49528 0.1974044 -0.8460081 0
-0.8425692 -0.3463568 0.412449 0
0.4345612 0.7475573 -0.04808524 1

0.1675917 0.4527969 -0.8757218 0
0.360724 -0.8548512 -0.3729718 0
0.9174922 0.2533869 0.3066007 0
-0.2604472 0.7667648 -0.1417646 1

0.3759783 -0.1137685 -0.919618 0
0.5154469 -0.7990432 0.3095884 0
0.7700359 0.5904129 0.2417812 0
-0.3091112 0.6648067 -0.1358624 1

0.3379447 0.07605968 -0.9380878 0
0.7992483 -0.5495203 0.2433735 0
0.4969871 0.8320116 0.2464979 0
-0.2954263 0.659275 -0.118673 1

0.2858803 0.2607318 -0.9221128 0
0.9075404 -0.3825946 0.1731822 0
0.3076414 0.8863639 0.3460008 0
-0.3082705 0.6596351 -0.1105349 1

-0.06721215 0.3896738 -0.9184974 0
0.6347485 -0.6935588 -0.3406917 0
0.7697905 0.6059133 0.2007292 0
-0.31551 0.6753861 -0.08934651 1

0.4278656 -0.2835356 0.8582183 0
-0.2970352 -0.9408926 -0.1627619 0
-0.8536399 0.185281 0.4867955 0
0.3955826 0.8305269 -0.05198126 1

0.5830959 0.07975297 0.8084794 0
-0.628216 -0.5867367 0.5109645 0
-0.5151154 0.805841 0.2920215 0
0.4390859 0.7342697 -0.05081359 1

0.4782176 -0.1522549 0.864943 0
-0.8631363 -0.2633524 0.430861 0
-0.1621842 0.952609 0.2573566 0
0.431444 0.7337356 -0.03660513 1

0.4208756 -0.3112672 0.8520427 0
-0.9014228 -0.2486056 0.354447 0
-0.1014948 0.9172286 0.3852153 0
0.4468586 0.7347986 -0.02868246 1

0.141235 -0.3481081 0.9267541 0
-0.9251976 -0.3794827 -0.001543798 0
-0.3522246 0.8572128 0.3756649 0
0.4645658 0.750012 -0.009957377 1

0.122551 0.01498534 -0.9923493 0
-0.06173703 -0.9978349 -0.02269222 0
0.9905404 -0.06404559 0.1213605 0
-0.2417665 0.7224949 -0.1610796 1

0.4072642 -0.1436752 -0.9019388 0
0.7872889 -0.4453412 0.4264362 0
0.4629388 0.8837585 0.06825746 0
-0.2916319 0.63771 -0.1253639 1

0.3885134 0.05927001 -0.9195352 0
0.9214389 -0.02189726 0.3879064 0
-0.002855882 0.9980019 0.0631209 0
-0.2659981 0.6390415 -0.109712 1

0.3300575 0.252701 -0.9095081 0
0.9346215 0.04771709 0.3524291 0
-0.1324581 0.9663674 0.2204302 0
-0.2744381 0.6453723 -0.1040788 1

-0.03323483 0.3658347 -0.9300866 0
0.8934589 -0.4061846 -0.1916921 0
0.4479145 0.8373647 0.3133586 0
-0.2976406 0.6558611 -0.09893761 1

0.4342821 0.3005952 0.8491417 0
0.2335975 -0.9480098 0.2161239 0
-0.8699605 -0.1044987 0.481922 0
0.3802006 0.781803 -0.06040985 1

0.6130618 0.09461928 0.7843485 0
-0.7766925 -0.1095066 0.6202878 0
-0.1445826 0.9894724 -0.006355794 0
0.4177823 0.7143731 -0.03348625 1

0.5300101 -0.1594118 0.8328727 0
-0.6963152 0.4787451 0.5347414 0
0.4839779 0.8633605 -0.1427389 0
0.3996635 0.7240391 -0.02074089 1

0.4626316 -0.3126689 0.8295847 0
-0.778236 0.3049782 0.5489418 0
0.4246422 0.8995703 0.1022377 0
0.4132539 0.7255308 -0.01546881 1

0.181391 -0.3418274 0.9220908 0
-0.9750568 0.05944552 0.2138472 0
0.1279131 0.9378808 0.322518 0
0.4385198 0.7393289 -0.01000082 1

0.122551 0.01498534 -0.9923493 0
-0.06173703 -0.9978349 -0.02269222 0
0.9905404 -0.06404559 0.1213605 0
-0.243701 0.6912282 -0.1617907 1

0.4072642 -0.1436752 -0.9019388 0
0.7872889 -0.4453412 0.4264362 0
0.4629388 0.8837585 0.06825746 0
-0.271239 0.6261744 -0.1143181 1

0.3885134 0.05927001 -0.9195352 0
0.9214389 -0.02189726 0.3879064 0
-0.002855882 0.9980019 0.0631209 0
-0.2476148 0.6386048 -0.101973 1

0.3300575 0.252701 -0.9095081 0
0.9346215 0.04771709 0.3524291 0
-0.1324581 0.9663674 0.2204302 0
-0.2587322 0.6461742 -0.09815639 1

-0.03323483 0.3658347 -0.9300866 0
0.8934589 -0.4061846 -0.1916921 0
0.4479145 0.8373647 0.3133586 0
-0.2784021 0.6471151 -0.1030652 1

0.4342821 0.3005952 0.8491417 0
0.2335975 -0.9480098 0.2161239 0
-0.8699605 -0.1044987 0.481922 0
0.3875214 0.7520937 -0.05363683 1

0.6130618 0.09461928 0.7843485 0
-0.7766925 -0.1095066 0.6202878 0
-0.1445826 0.9894724 -0.006355794 0
0.3976642 0.7115363 -0.01741932 1

0.5300101 -0.1594118 0.8328727 0
-0.6963152 0.4787451 0.5347414 0
0.4839779 0.8633605 -0.1427389 0
0.3857714 0.7335905 -0.01007228 1

0.4626316 -0.3126689 0.8295847 0
-0.778236 0.3049782 0.5489418 0
0.4246422 0.8995703 0.1022377 0
0.400176 0.7306558 -0.006244082 1

0.181391 -0.3418274 0.9220908 0
-0.9750568 0.05944552 0.2138472 0
0.1279131 0.9378808 0.322518 0
0.4175243 0.740609 -0.005396113 1

0.987803 -0.1159499 0.1039271 0
0.1214387 0.9914318 -0.04812088 0
0.09745698 -0.06015471 -0.9934201 0
-0.01012072 0.8993803 0.0399724 1

0.9964745 0.05181388 0.06598431 0
-0.04768896 0.9968972 -0.06262496 0
0.06902441 -0.05925744 -0.9958535 0
0.002620448 0.9899042 0.01986504 1

-0.9950691 -0.05110209 0.08500932 0
0.03007327 -0.9721605 -0.2323795 0
-0.09451778 0.2286771 -0.9689031 0
-0.1092585 0.8780984 0.03153544 1

-0.7022455 -0.2539036 -0.6651196 0
0.4666653 -0.8697102 -0.1607097 0
0.5376565 0.4232459 -0.7292382 0
0.08106723 0.8557582 0.05155961 1

0.9976465 0.03047252 0.06142284 0
-0.03592471 0.9953198 0.08971047 0
0.05840166 0.09170595 -0.994072 0
-0.00513133 1.151949 0.009685434 1

-0.9917272 -0.04303495 0.1209366 0
0.0931704 -0.889395 0.4475447 0
-0.08830031 -0.45511 -0.8860464 0
-0.09667751 0.4713996 -0.06567943 1

-0.6620414 -0.2528096 -0.7055411 0
0.01352374 -0.9452667 0.3260181 0
0.7493452 -0.206296 -0.6292248 0
0.2762944 0.4919192 -0.01567251 1

0.9959201 0.06113535 0.06637482 0
-0.06519683 0.9960153 0.060853 0
0.06239005 0.06493216 -0.9959373 0
-0.01005328 1.288315 0.02197643 1

-0.9991962 0.0135015 0.03774954 0
-0.03273566 -0.8183467 -0.5737923 0
-0.02314515 0.574567 -0.8181304 0
-0.06039395 0.1250405 0.1086089 1

-0.4129492 0.01949631 -0.9105454 0
0.5313706 -0.8068123 -0.2582618 0
0.7396743 0.5904861 -0.3228129 0
0.2815611 0.123801 0.1112897 1

0.9960874 0.06511771 0.0597432 0
-0.06230226 0.9969102 -0.04783782 0
0.0626737 -0.04392854 -0.9970669 0
-0.02181751 1.423709 0.07378624 1

0.05877692 -0.06607103 -0.9960824 0
-0.9296782 -0.3671072 -0.03050796 0
0.3636532 -0.9278291 0.08300217 0
-0.08025306 1.383559 0.06187565 1

-0.03826814 0.2473416 0.9681724 0
0.9457301 -0.3039153 0.115023 0
-0.3226923 -0.9200314 0.2222882 0
0.04213001 1.391074 0.07003218 1

-0.9877111 0.005245075 0.1562043 0
-0.1562374 -0.006628707 -0.9876972 0
0.004145131 0.9999645 -0.007366691 0
-0.06536978 0.0006516576 0.02139249 1

-0.3022996 0.001371894 -0.9532121 0
0.9530146 -0.0199628 -0.3022659 0
0.01944355 0.9997998 -0.004727269 0
0.3623294 0.001165509 0.07203394 1

0.9960874 0.06511771 0.0597432 0
-0.06230226 0.9969102 -0.04783782 0
0.0626737 -0.04392854 -0.9970669 0
-0.02394053 1.466568 0.06246831 1

0.8279648 -0.1258654 -0.5464727 0
-0.2652586 -0.9464771 -0.1838994 0
0.4940774 -0.2972187 0.8170364 0
-0.1961468 1.337796 0.05807252 1

