MeshAnim
1
60
69
60
0.595342 -0.03086356 0.8028794 0
0.01835097 0.9995236 0.02481538 0
0.8032628 4.001986E-05 -0.5956248 0
0.006746539 0.887072 -0.004152277 1

0.5906205 -0.02473778 0.8065702 0
0.2341997 0.9617625 -0.1419979 0
0.7722162 -0.2727654 -0.5738302 0
0.02110807 0.9792919 -0.01125667 1

-0.9569311 -0.07943162 -0.2792377 0
0.2896865 -0.1979739 -0.9364231 0
-0.01909991 0.9769836 -0.2124576 0
-0.05120812 0.8573282 -0.08231219 1

-0.1599262 0.01690223 -0.9869844 0
0.9871128 -0.003003475 -0.1599984 0
0.005668496 0.9998527 0.01620415 0
0.06349991 0.8513822 0.0723832 1

0.5779117 -0.02879683 0.8155911 0
0.2394536 0.9613739 -0.135728 0
0.7801794 -0.273735 -0.5624847 0
0.05917694 1.135625 -0.03433825 1

-0.875752 -0.2211287 -0.4291397 0
-0.1930435 -0.6543595 0.7311278 0
0.442485 -0.7231292 -0.5303692 0
0.06998087 0.7745068 -0.4740604 1

-0.2410308 0.09637915 -0.9657202 0
-0.7576745 -0.6405146 0.1251818 0
0.6064929 -0.7618742 -0.2274078 0
0.4764538 0.8501257 0.005448646 1

0.5643501 -0.02985663 0.8249955 0
0.42409 0.8678846 -0.2586961 0
0.7082772 -0.4958676 -0.5024528 0
0.09198383 1.26734 -0.05293398 1

-0.9648923 0.003490018 -0.2626231 0
-0.1968456 -0.6715884 0.7142975 0
0.1738817 -0.7409163 -0.6486974 0
-0.005196488 0.5196781 -0.1893356 1

-0.3666129 0.004624682 -0.9303622 0
-0.6097103 -0.7565196 0.2364982 0
0.7027435 -0.6539547 -0.2801696 0
0.1813903 0.6006882 0.05419858 1

0.6302634 -0.03571707 0.7755595 0
0.3906201 0.8778844 -0.2770105 0
0.6709574 -0.4775387 -0.5672503 0
0.119997 1.409372 -0.06695664 1

0.8502624 -0.3971986 -0.3453799 0
-0.431997 -0.1517133 -0.8890229 0
-0.3007201 -0.9051058 0.3005847 0
0.0736443 1.376396 -0.1109177 1

-0.6783785 0.2056429 0.7053463 0
0.6721777 -0.2138633 0.7088298 0
-0.2966135 -0.954973 -0.006851718 0
0.142995 1.372728 -0.009538935 1

-0.9608355 0.1260369 -0.2467998 0
-0.1053471 -0.989852 -0.09536752 0
0.2563151 0.06563275 -0.9643625 0
-0.03511702 0.4175967 -0.08076245 1

-0.3381544 -0.0427324 -0.9401201 0
0.234023 -0.9714071 -0.04002186 0
0.9115291 0.2335431 -0.338486 0
0.08871435 0.4856972 0.09014631 1

0.6302634 -0.03571707 0.7755595 0
0.3906201 0.8778844 -0.2770105 0
0.6709574 -0.4775387 -0.5672503 0
0.143169 1.443046 -0.08423679 1

0.6995538 0.2046844 -0.6846379 0
-0.1289929 -0.9061871 -0.4027233 0
0.7028411 -0.3700398 0.6075239 0
0.01979157 1.357483 -0.2217433 1

-0.008094519 -0.0647337 0.9978698 0
0.3893536 -0.919355 -0.05648199 0
-0.9210528 -0.3880669 -0.03264621 0
0.2267883 1.346068 0.07882347 1

-0.9608355 0.1260369 -0.2467998 0
-0.1053471 -0.989852 -0.09536752 0
0.2563151 0.06563275 -0.9643625 0
-0.05460624 0.2344739 -0.0984054 1

-0.3381544 -0.0427324 -0.9401201 0
0.234023 -0.9714071 -0.04002186 0
0.9115291 0.2335431 -0.338486 0
0.1320086 0.3059869 0.08274225 1

0.8541403 -0.2207582 0.470861 0
0.3828755 0.8796703 -0.2821107 0
0.3519242 -0.4212433 -0.8358848 0
0.1646581 1.474295 -0.1002609 1

-0.6366764 0.3180833 -0.7024717 0
0.7708335 0.2372079 -0.5912264 0
0.02142775 0.9179084 0.396214 0
-0.0159227 1.106587 -0.3332453 1

-0.2800591 -0.9454877 -0.1661918 0
-0.02853203 0.181241 -0.9830247 0
-0.9595586 0.2705632 0.07773489 0
0.3345886 1.091527 0.06318528 1

0.8541403 -0.2207582 0.470861 0
0.3828755 0.8796703 -0.2821107 0
0.3519242 -0.4212433 -0.8358848 0
0.3453634 1.771766 -0.2887932 1

0.351926 -0.4212437 -0.8358837 0
-0.8541394 0.2207573 -0.4708629 0
-0.3828755 -0.8796703 0.2821107 0
0.231841 1.570232 -0.2852524 1

-0.3519092 0.4212415 0.8358921 0
0.8541461 -0.2207652 0.4708472 0
-0.3828762 -0.8796694 0.2821125 0
0.3187935 1.547758 -0.2373183 1

-0.5525829 -0.33316 -0.7639745 0
0.8089809 0.006116484 -0.5878034 0
-0.2005051 0.9428506 -0.2661402 0
0.1990997 1.172756 -0.4981666 1

-0.222167 -0.9318268 -0.2869502 0
-0.0355472 0.3018506 -0.9526923 0
-0.9743606 0.2014565 0.100185 0
0.3266297 1.142083 -0.2110275 1

-0.8085831 -0.2986961 -0.5069263 0
0.395892 0.3611724 -0.8442892 0
-0.4352734 0.8833659 0.1737865 0
0.2029435 1.17862 -0.5340033 1

-0.5920056 -0.1735247 -0.7870318 0
0.7072912 0.3562797 -0.6105771 0
-0.3863534 0.9181253 0.0881871 0
0.2714613 1.168566 -0.5775037 1

-0.600454 -0.1629708 -0.7828766 0
0.7052847 0.3534632 -0.6145223 0
-0.3768671 0.921143 0.09729771 0
0.284245 1.173934 -0.5594447 1

-0.5538863 -0.3110792 -0.7722955 0
0.7124466 0.3029182 -0.6329778 0
-0.4308482 0.9008166 -0.05384496 0
0.2949165 1.182068 -0.5404193 1

-0.4904232 -0.4621728 -0.7388383 0
0.7890645 0.1244046 -0.6015823 0
-0.3699495 0.8780204 -0.3036732 0
0.3028133 1.190602 -0.5223088 1

0.06805104 -0.722093 -0.6884406 0
-0.4144603 0.6072188 -0.6778701 0
-0.9075196 -0.331461 0.2579569 0
0.3170123 1.173984 -0.2259735 1

-0.2106605 -0.9601765 -0.1835297 0
-0.1496587 0.2172068 -0.9645846 0
-0.9660354 0.175733 0.1894555 0
0.3251926 1.194879 -0.3046155 1

-0.1449019 -0.9860852 -0.08148462 0
-0.09199944 0.09542425 -0.9911762 0
-0.9851598 0.1361267 0.1045462 0
0.3224201 1.173236 -0.3111174 1

-0.4018268 -0.9148796 -0.0391213 0
-0.2750193 0.1613211 -0.947808 0
-0.8734413 0.3700955 0.3164327 0
0.3169097 1.151011 -0.3153282 1

-0.4933407 -0.8678812 -0.05828501 0
-0.1815673 0.1682778 -0.9688737 0
-0.8506751 0.467402 0.2405971 0
0.3107862 1.130464 -0.317196 1

-0.1024607 -0.0008733552 -0.9947369 0
0.2003087 0.9794971 -0.02149221 0
-0.9743606 0.2014565 0.100185 0
0.2970725 1.200863 -0.3372032 1

-0.6903928 -0.1991865 -0.6954733 0
0.5664264 0.4491854 -0.6909372 0
-0.4500215 0.8709521 0.1972898 0
0.2208139 1.194923 -0.5721139 1

-0.5617007 -0.1447298 -0.8145833 0
0.4658056 0.7583807 -0.4559431 0
-0.6837527 0.6355409 0.3585671 0
0.3107109 1.188337 -0.6113863 1

-0.5590857 -0.1088166 -0.8219383 0
0.2645554 0.9161154 -0.3012362 0
-0.7857697 0.3858648 0.483399 0
0.3251897 1.194454 -0.5951203 1

-0.5113932 -0.2232916 -0.8298303 0
-0.09416695 0.9743981 -0.2041602 0
-0.854172 0.02626345 0.5193272 0
0.3335236 1.198482 -0.5747201 1

-0.4384605 -0.4155876 -0.7968938 0
0.2415473 0.7995558 -0.5498779 0
-0.8656833 0.4335871 0.2501896 0
0.3318862 1.195185 -0.5444739 1

0.1967268 -0.9059118 -0.3749965 0
-0.3776876 0.2829337 -0.8816466 0
-0.9047933 -0.3150751 0.2864908 0
0.2983032 1.201394 -0.2565731 1

-0.2066318 -0.9638509 -0.1682108 0
-0.3432604 0.232407 -0.9100325 0
-0.916229 0.1303016 0.3788744 0
0.3168877 1.206932 -0.3581432 1

-0.04037166 -0.9990877 -0.01392188 0
-0.9469247 0.03380935 0.3196726 0
0.3189106 -0.02608866 0.9474258 0
0.3170792 1.178776 -0.368659 1

-0.2813488 -0.9595895 -0.005529135 0
-0.7108631 0.2045456 0.6729298 0
0.6446056 -0.1932584 0.7396858 0
0.3020066 1.159753 -0.3666895 1

-0.398647 -0.9171033 0.001376957 0
-0.8734947 0.3801478 0.3041289 0
0.2794411 -0.1200372 0.9526299 0
0.3040964 1.136665 -0.352894 1

-0.8195566 -0.4358554 -0.3719648 0
0.3917513 0.04752655 -0.9188432 0
-0.4181606 0.8987611 -0.1317961 0
0.2501473 1.218185 -0.6078953 1

-0.5467756 -0.09978088 -0.8313125 0
0.1094553 0.9758349 -0.189119 0
-0.8300941 0.1943972 0.5226411 0
0.3265069 1.214054 -0.6268478 1

-0.5610633 -0.03367423 -0.827088 0
-0.3131663 0.9335419 0.1744312 0
-0.7662474 -0.3568833 0.5343217 0
0.3349305 1.228185 -0.6062118 1

-0.5952998 -0.05483121 -0.801631 0
-0.4424866 0.8551312 0.270105 0
-0.6706893 -0.5155045 0.5333214 0
0.330013 1.234807 -0.5823309 1

-0.4384869 -0.363944 -0.8217509 0
-0.2270684 0.9295375 -0.2905175 0
-0.86958 -0.05920578 0.49023 0
0.3386862 1.217694 -0.559954 1

0.2473229 -0.9648668 0.08867669 0
-0.03128403 -0.09942406 -0.9945532 0
-0.9684283 -0.2432016 0.05477455 0
0.2787448 1.216046 -0.3022289 1

-0.178749 -0.9749362 -0.132468 0
-0.8009923 0.2223812 -0.5558397 0
-0.571367 -0.006749916 0.8206669 0
0.3052474 1.214813 -0.3890033 1

0.01420864 -0.9959025 -0.08930961 0
-0.005670965 -0.08939739 0.99598 0
0.9998832 0.01364502 0.006917953 0
0.2822136 1.18002 -0.3568888 1

-0.265761 -0.9583257 -0.1047981 0
0.4712327 -0.2239721 0.8530981 0
0.8410178 -0.1773359 -0.5111174 0
0.2755058 1.167379 -0.3416029 1

-0.3439755 -0.9350784 -0.08549267 0
0.05036381 -0.1092905 0.9927332 0
0.9376271 -0.3371702 -0.08468714 0
0.2795061 1.147366 -0.3443323 1

-0.8195566 -0.4358554 -0.3719648 0
0.3917513 0.04752655 -0.9188432 0
-0.4181606 0.8987611 -0.1317961 0
0.2624226 1.219674 -0.6366867 1

-0.5467756 -0.09978088 -0.8313125 0
0.1094553 0.9758349 -0.189119 0
-0.8300941 0.1943972 0.5226411 0
0.3293421 1.239331 -0.6317465 1

-0.5610633 -0.03367423 -0.827088 0
-0.3131663 0.9335419 0.1744312 0
-0.7662474 -0.3568833 0.5343217 0
0.3286828 1.24681 -0.6027318 1

-0.5952998 -0.05483121 -0.801631 0
-0.4424866 0.8551312 0.270105 0
-0.6706893 -0.5155045 0.5333214 0
0.3225771 1.249177 -0.5777919 1

-0.4384869 -0.363944 -0.8217509 0
-0.2270684 0.9295375 -0.2905175 0
-0.86958 -0.05920578 0.49023 0
0.3337968 1.23771 -0.5662096 1

0.2473229 -0.9648668 0.08867669 0
-0.03128403 -0.09942406 -0.9945532 0
-0.9684283 -0.2432016 0.05477455 0
0.2777644 1.21293 -0.3333969 1

-0.178749 -0.9749362 -0.132468 0
-0.8009923 0.2223812 -0.5558397 0
-0.571367 -0.006749916 0.8206669 0
0.2844998 1.220573 -0.403401 1

0.01420864 -0.9959025 -0.08930961 0
-0.005670965 -0.08939739 0.99598 0
0.9998832 0.01364502 0.006917953 0
0.2821005 1.178237 -0.3370181 1

-0.265761 -0.9583257 -0.1047981 0
0.4712327 -0.2239721 0.8530981 0
0.8410178 -0.1773359 -0.5111174 0
0.2834246 1.163615 -0.327267 1

-0.3439755 -0.9350784 -0.08549267 0
0.05036381 -0.1092905 0.9927332 0
0.9376271 -0.3371702 -0.08468714 0
0.2805905 1.145013 -0.3229561 1

0.595342 -0.03086356 0.8028794 0
0.01835097 0.9995236 0.02481538 0
0.8032628 4.001986E-05 -0.5956248 0
0.00674109 0.88707 -0.004151941 1

0.5906205 -0.02473778 0.8065702 0
0.2341997 0.9617625 -0.1419979 0
0.7722162 -0.2727654 -0.5738302 0
0.02110262 0.9792899 -0.01125634 1

-0.9567029 -0.08054835 -0.2796986 0
0.290344 -0.1964664 -0.9365368 0
-0.02048515 0.9771963 -0.2113467 0
-0.05121356 0.8573262 -0.08231185 1

-0.1603349 0.01604522 -0.9869325 0
0.9870436 -0.003632098 -0.160412 0
0.00615833 0.9998648 0.015255 0
0.06349445 0.8513802 0.07238354 1

0.5779117 -0.02879683 0.8155911 0
0.2394536 0.9613739 -0.135728 0
0.7801794 -0.273735 -0.5624847 0
0.05917149 1.135623 -0.03433792 1

-0.8791655 -0.2165155 -0.4244866 0
-0.1930346 -0.652624 0.7326796 0
0.4356667 -0.7260874 -0.5319696 0
0.07025051 0.7751354 -0.4741077 1

-0.247288 0.1029696 -0.9634553 0
-0.7573792 -0.64072 0.1259177 0
0.6043393 -0.760839 -0.2364293 0
0.4764194 0.8498607 0.005275979 1

0.5643281 -0.02984165 0.8250111 0
0.4240644 0.8679028 -0.2586775 0
0.70831 -0.4958369 -0.5024367 0
0.09197839 1.267338 -0.05293364 1

-0.964404 0.0008188374 -0.264432 0
-0.1971687 -0.6685861 0.7170194 0
0.1762084 -0.7436341 -0.6449487 0
-0.00492342 0.5209826 -0.1887786 1

-0.3729888 0.01308745 -0.9277438 0
-0.6044984 -0.7619889 0.2322824 0
0.7038903 -0.6474584 -0.2921246 0
0.1814709 0.6003432 0.05431248 1

0.630243 -0.03569922 0.7755768 0
0.3905946 0.8779014 -0.2769927 0
0.6709915 -0.4775089 -0.5672351 0
0.1199865 1.409371 -0.06695443 1

0.8502871 -0.3971637 -0.345359 0
-0.4319664 -0.1517228 -0.8890363 0
-0.3006943 -0.9051196 0.3005693 0
0.07363635 1.376394 -0.110917 1

-0.6784061 0.2056118 0.7053289 0
0.672166 -0.2138433 0.7088469 0
-0.2965772 -0.9549842 -0.006867379 0
0.1429843 1.372728 -0.009536349 1

-0.9605612 0.1234434 -0.2491665 0
-0.1036787 -0.9904394 -0.09099739 0
0.2580174 0.06157533 -0.9641762 0
-0.03489307 0.4193574 -0.07979158 1

-0.3443744 -0.0340225 -0.938216 0
0.2383284 -0.969775 -0.05231208 0
0.9080785 0.2416182 -0.3420742 0
0.08958717 0.4845209 0.08961944 1

0.630243 -0.03569922 0.7755768 0
0.3905946 0.8779014 -0.2769927 0
0.6709915 -0.4775089 -0.5672351 0
0.1431578 1.443046 -0.08423366 1

0.6995709 0.2048364 -0.684575 0
-0.1286521 -0.9062717 -0.402642 0
0.7028866 -0.3697484 0.6076486 0
0.01978743 1.35748 -0.2217443 1

-0.008367807 -0.06482944 0.9978613 0
0.3895785 -0.9192613 -0.05645615 0
-0.9209552 -0.3882728 -0.03294834 0
0.2267762 1.34607 0.07882819 1

-0.9605612 0.1234434 -0.2491665 0
-0.1036787 -0.9904394 -0.09099739 0
0.2580174 0.06157533 -0.9641762 0
-0.0540736 0.2361262 -0.09662613 1

-0.3443744 -0.0340225 -0.938216 0
0.2383284 -0.969775 -0.05231208 0
0.9080785 0.2416182 -0.3420742 0
0.1336779 0.3051125 0.0799417 1

0.8541372 -0.220723 0.4708831 0
0.3828691 0.8796589 -0.2821545 0
0.3519385 -0.4212852 -0.8358575 0
0.1646461 1.474296 -0.1002569 1

-0.6366965 0.3180422 -0.7024721 0
0.7708185 0.2372503 -0.5912289 0
0.02137426 0.9179119 0.3962091 0
-0.01583249 1.10656 -0.3332238 1

-0.2801043 -0.9454492 -0.1663352 0
-0.02828565 0.1813245 -0.9830166 0
-0.9595527 0.2706423 0.07753235 0
0.3346388 1.091555 0.0631972 1

0.8541372 -0.220723 0.4708831 0
0.3828691 0.8796589 -0.2821545 0
0.3519385 -0.4212852 -0.8358575 0
0.3453503 1.771759 -0.2888035 1

0.3519404 -0.4212857 -0.8358566 0
-0.8541365 0.2207221 -0.4708849 0
-0.3828691 -0.8796589 0.2821545 0
0.2318302 1.570224 -0.2852529 1

-0.3519236 0.4212835 0.8358649 0
0.8541431 -0.22073 0.4708691 0
-0.3828698 -0.8796582 0.2821563 0
0.3187824 1.547754 -0.2373165 1

-0.5526475 -0.3333739 -0.7638344 0
0.8088897 0.006148051 -0.5879289 0
-0.2006959 0.942775 -0.2662649 0
0.1991858 1.172741 -0.4981459 1

-0.221957 -0.9319298 -0.2867786 0
-0.03573245 0.3016915 -0.9527357 0
-0.9744015 0.201219 0.1002627 0
0.3267486 1.142135 -0.2110133 1

-0.8086138 -0.2989082 -0.5067526 0
0.3957048 0.361096 -0.8444097 0
-0.4353871 0.8833256 0.1737077 0
0.2030232 1.1786 -0.5339839 1

-0.592099 -0.1737487 -0.7869119 0
0.7071408 0.3562914 -0.6107448 0
-0.3864858 0.9180785 0.08809493 0
0.2715358 1.168549 -0.5774932 1

-0.6005487 -0.1631953 -0.7827573 0
0.7051341 0.353474 -0.6146892 0
-0.3769985 0.9210994 0.09720369 0
0.2843215 1.173922 -0.5594373 1

-0.5539557 -0.3112945 -0.7721589 0
0.7123011 0.3029269 -0.6331374 0
-0.4309998 0.9007394 -0.0539273 0
0.2949945 1.182061 -0.5404148 1

-0.4904635 -0.4623728 -0.7386864 0
0.7889522 0.1244307 -0.6017242 0
-0.3701357 0.8779118 -0.3037613 0
0.3028928 1.190599 -0.5223069 1

0.06816161 -0.7221837 -0.6883345 0
-0.4146941 0.6070046 -0.6779191 0
-0.9074044 -0.3316562 0.2581108 0
0.3171212 1.17403 -0.2259632 1

-0.2104315 -0.9602601 -0.1833549 0
-0.1498233 0.2170163 -0.9646019 0
-0.9660598 0.1755118 0.1895363 0
0.3252873 1.194915 -0.3046095 1

-0.1446546 -0.9861355 -0.08131318 0
-0.0921354 0.09524446 -0.991181 0
-0.9851832 0.1358871 0.1046354 0
0.3225197 1.17327 -0.3111077 1

-0.4015934 -0.9149901 -0.03893217 0
-0.2751675 0.1611006 -0.9478025 0
-0.873502 0.3699183 0.3164723 0
0.3170146 1.151044 -0.3153143 1

-0.4931217 -0.8680187 -0.05809304 0
-0.1817197 0.1680783 -0.9688796 0
-0.8507696 0.4672189 0.240619 0
0.3108962 1.130495 -0.3171782 1

-0.102572 -0.001056485 -0.9947252 0
0.2000516 0.9795457 -0.02166884 0
-0.9744015 0.201219 0.1002627 0
0.297162 1.200887 -0.3371948 1

-0.6904681 -0.199411 -0.695334 0
0.5662487 0.4491614 -0.6910984 0
-0.4501296 0.8709133 0.1972152 0
0.220885 1.1949 -0.5721 1

-0.5618032 -0.1449535 -0.814473 0
0.465615 0.7583799 -0.4561399 0
-0.6837986 0.6354914 0.3585674 0
0.3107772 1.188321 -0.6113852 1

-0.5591949 -0.1090411 -0.8218342 0
0.2643635 0.916108 -0.3014281 0
-0.7857569 0.3858198 0.4834563 0
0.3252575 1.194443 -0.5951225 1

-0.5114855 -0.2235098 -0.8297146 0
-0.09435323 0.9743496 -0.2043066 0
-0.8540964 0.02621347 0.5194544 0
0.3335937 1.198476 -0.5747242 1

-0.4385171 -0.4157889 -0.7967577 0
0.2413357 0.7995037 -0.5500472 0
-0.865714 0.4334908 0.2502513 0
0.3319616 1.195184 -0.5444773 1

0.1969203 -0.9059197 -0.3748759 0
-0.3778599 0.2826969 -0.8816487 0
-0.9046791 -0.3152652 0.2866419 0
0.2984015 1.201431 -0.2565651 1

-0.2064001 -0.9639309 -0.1680359 0
-0.3434229 0.2321747 -0.9100305 0
-0.9162204 0.1301231 0.3789568 0
0.3169732 1.206958 -0.3581381 1

-0.04011356 -0.9991003 -0.01376012 0
-0.9468976 0.03361362 0.3197738 0
0.3190236 -0.02585677 0.9473942 0
0.3171709 1.1788 -0.3686496 1

-0.2811 -0.9596636 -0.005346529 0
-0.7108408 0.2044668 0.6729774 0
0.6447388 -0.1929746 0.7396438 0
0.3021034 1.159774 -0.3666754 1

-0.3984085 -0.9172068 0.001566052 0
-0.8735595 0.3799688 0.3041672 0
0.2795792 -0.1198147 0.9526173 0
0.3042008 1.136688 -0.3528765 1

-0.8195446 -0.436047 -0.3717665 0
0.3916025 0.04743734 -0.918911 0
-0.4183237 0.8986731 -0.1318799 0
0.2502092 1.21816 -0.6078898 1

-0.5468878 -0.1000049 -0.8312119 0
0.1092713 0.9758213 -0.189297 0
-0.8300447 0.1943515 0.5227368 0
0.3265667 1.214038 -0.6268535 1

-0.5611853 -0.03389985 -0.826996 0
-0.3132879 0.933521 0.1743254 0
-0.7661086 -0.3569169 0.5344986 0
0.3349913 1.228174 -0.6062211 1

-0.5954144 -0.05505805 -0.8015302 0
-0.4425811 0.8551055 0.270032 0
-0.6705254 -0.5155231 0.5335096 0
0.3300762 1.234799 -0.5823405 1

-0.4385554 -0.3641493 -0.8216232 0
-0.2272608 0.9294536 -0.2906359 0
-0.8694956 -0.05926301 0.4903738 0
0.3387556 1.217691 -0.5599621 1

0.2475836 -0.9647884 0.08880079 0
-0.03136969 -0.09958868 -0.994534 0
-0.9683585 -0.2434447 0.05492154 0
0.2788342 1.21607 -0.302221 1

-0.1785105 -0.9750036 -0.1322945 0
-0.8011125 0.2220856 -0.5557849 0
-0.5712731 -0.006769274 0.8207321 0
0.3053274 1.214831 -0.3889982 1

0.01445746 -0.9959132 -0.08915448 0
-0.005536079 -0.08924218 0.9959948 0
0.9998803 0.01390595 0.006803572 0
0.2823063 1.180037 -0.3568756 1

-0.2655237 -0.9584112 -0.1046174 0
0.4713866 -0.2237154 0.8530804 0
0.8410065 -0.1771977 -0.5111839 0
0.2756035 1.167396 -0.341587 1

-0.343742 -0.9351813 -0.08530692 0
0.05050349 -0.1091212 0.9927447 0
0.9377052 -0.3369398 -0.08473933 0
0.2796086 1.147384 -0.3443136 1

-0.8195446 -0.436047 -0.3717665 0
0.3916025 0.04743734 -0.918911 0
-0.4183237 0.8986731 -0.1318799 0
0.2624798 1.219647 -0.6366833 1

-0.5468878 -0.1000049 -0.8312119 0
0.1092713 0.9758213 -0.189297 0
-0.8300447 0.1943515 0.5227368 0
0.3293971 1.239314 -0.6317568 1

-0.5611853 -0.03389985 -0.826996 0
-0.3132879 0.933521 0.1743254 0
-0.7661086 -0.3569169 0.5344986 0
0.328741 1.246798 -0.6027432 1

-0.5954144 -0.05505805 -0.8015302 0
-0.4425811 0.8551055 0.270032 0
-0.6705254 -0.5155231 0.5335096 0
0.3226389 1.249169 -0.5778027 1

-0.4385554 -0.3641493 -0.8216232 0
-0.2272608 0.9294536 -0.2906359 0
-0.8694956 -0.05926301 0.4903738 0
0.3338621 1.237705 -0.5662203 1

0.2475836 -0.9647884 0.08880079 0
-0.03136969 -0.09958868 -0.994534 0
-0.9683585 -0.2434447 0.05492154 0
0.2778511 1.21295 -0.3333883 1

-0.1785105 -0.9750036 -0.1322945 0
-0.8011125 0.2220856 -0.5557849 0
-0.5712731 -0.006769274 0.8207321 0
0.2845766 1.220584 -0.4033943 1

0.01445746 -0.9959132 -0.08915448 0
-0.005536079 -0.08924218 0.9959948 0
0.9998803 0.01390595 0.006803572 0
0.2821958 1.178257 -0.3370045 1

-0.2655237 -0.9584112 -0.1046174 0
0.4713866 -0.2237154 0.8530804 0
0.8410065 -0.1771977 -0.5111839 0
0.2835249 1.163637 -0.3272513 1

-0.343742 -0.9351813 -0.08530692 0
0.05050349 -0.1091212 0.9927447 0
0.9377052 -0.3369398 -0.08473933 0
0.2806961 1.145035 -0.3229372 1

0.595342 -0.03086356 0.8028794 0
0.01835097 0.9995236 0.02481538 0
0.8032628 4.001986E-05 -0.5956248 0
0.006731733 0.8870673 -0.004141096 1

0.5906205 -0.02473778 0.8065702 0
0.2341997 0.9617625 -0.1419979 0
0.7722162 -0.2727654 -0.5738302 0
0.02109327 0.9792871 -0.01124549 1

-0.9565219 -0.08135481 -0.2800844 0
0.2908645 -0.1951722 -0.936646 0
-0.02153593 0.977389 -0.2103497 0
-0.05122292 0.8573235 -0.08230101 1

-0.1605461 0.01503289 -0.9869138 0
0.9870048 -0.004455201 -0.1606288 0
0.006811656 0.999877 0.01412226 0
0.06348509 0.8513774 0.07239439 1

0.5779117 -0.02879683 0.8155911 0
0.2394536 0.9613739 -0.135728 0
0.7801794 -0.273735 -0.5624847 0
0.05916213 1.13562 -0.03432707 1

-0.8826476 -0.2117895 -0.4196166 0
-0.1933056 -0.6501855 0.7347733 0
0.4284459 -0.7296603 -0.5329448 0
0.07045889 0.7756741 -0.4741425 1

-0.2531432 0.1089326 -0.9612763 0
-0.7568259 -0.6412313 0.1266382 0
0.6026054 -0.7595763 -0.2447664 0
0.4763938 0.8495136 0.005196136 1

0.5643044 -0.02981114 0.8250283 0
0.4240421 0.867914 -0.2586764 0
0.7083422 -0.4958191 -0.5024089 0
0.09196903 1.267336 -0.0529228 1

-0.9639152 -0.001806021 -0.2662028 0
-0.197525 -0.6655407 0.7197496 0
0.1784688 -0.7463595 -0.6411682 0
-0.004820549 0.5224709 -0.187998 1

-0.3798564 0.02182857 -0.9247879 0
-0.5987873 -0.7678204 0.2278282 0
0.7050979 -0.6402933 -0.3047322 0
0.1816608 0.599797 0.05451322 1

0.6302209 -0.03566707 0.7755962 0
0.3905725 0.877911 -0.2769927 0
0.671025 -0.4774932 -0.5672086 0
0.1199727 1.409369 -0.06694464 1

0.8503113 -0.3971389 -0.3453283 0
-0.4319344 -0.1517495 -0.8890471 0
-0.3006719 -0.905126 0.3005723 0
0.07362496 1.37639 -0.1109082 1

-0.6784344 0.2055977 0.7053058 0
0.672152 -0.2138106 0.7088699 0
-0.2965439 -0.9549946 -0.006863579 0
0.14297 1.372728 -0.009525381 1

-0.9602774 0.1208934 -0.2514992 0
-0.1020823 -0.9909999 -0.08659289 0
0.2597044 0.05747951 -0.9639761 0
-0.03484436 0.4213087 -0.07859609 1

-0.351074 -0.02500464 -0.9360136 0
0.243 -0.9678268 -0.06528843 0
0.9042666 0.2503724 -0.345855 0
0.09064516 0.4830882 0.0891431 1

0.6302209 -0.03566707 0.7755962 0
0.3905725 0.877911 -0.2769927 0
0.671025 -0.4774932 -0.5672086 0
0.1431433 1.443045 -0.08422361 1

0.6995652 0.2049775 -0.6845388 0
-0.1283603 -0.9063438 -0.4025725 0
0.7029456 -0.3694932 0.6077355 0
0.01978002 1.357472 -0.2217368 1

-0.008616149 -0.06490804 0.9978541 0
0.3897818 -0.9191769 -0.05642471 0
-0.9208668 -0.3884592 -0.03321978 0
0.2267602 1.346074 0.07884204 1

-0.9602774 0.1208934 -0.2514992 0
-0.1020823 -0.9909999 -0.08659289 0
0.2597044 0.05747951 -0.9639761 0
-0.05372956 0.2379737 -0.09461579 1

-0.351074 -0.02500464 -0.9360136 0
0.243 -0.9678268 -0.06528843 0
0.9042666 0.2503724 -0.345855 0
0.1356001 0.3040403 0.07706475 1

0.8541451 -0.2206445 0.4709057 0
0.3828702 0.8796051 -0.2823213 0
0.3519183 -0.4214391 -0.8357886 0
0.1646311 1.474295 -0.1002466 1

-0.6367276 0.318022 -0.7024529 0
0.7707964 0.2374152 -0.5911915 0
0.02123894 0.9178759 0.3962989 0
-0.01575913 1.106533 -0.3331971 1

-0.2801571 -0.9454005 -0.1665222 0
-0.02809498 0.1814696 -0.982995 0
-0.9595428 0.2707147 0.07740107 0
0.334679 1.091581 0.06321973 1

0.8541451 -0.2206445 0.4709057 0
0.3828702 0.8796051 -0.2823213 0
0.3519183 -0.4214391 -0.8357886 0
0.3453338 1.771723 -0.2888507 1

0.3519202 -0.4214396 -0.8357875 0
-0.8541444 0.2206436 -0.4709074 0
-0.3828702 -0.8796051 0.2823213 0
0.2318121 1.570189 -0.2852614 1

-0.3519034 0.4214374 0.8357958 0
0.8541509 -0.2206516 0.4708917 0
-0.3828709 -0.8796042 0.2823231 0
0.3187651 1.547727 -0.2373227 1

-0.5527074 -0.3335406 -0.7637183 0
0.8088066 0.006192798 -0.5880427 0
-0.2008656 0.9427155 -0.2663468 0
0.1992529 1.172759 -0.4981087 1

-0.2217737 -0.9320111 -0.2866562 0
-0.03591499 0.3015847 -0.9527627 0
-0.9744363 0.2010023 0.1003568 0
0.326842 1.142202 -0.2109848 1

-0.8086426 -0.2990807 -0.5066047 0
0.3955361 0.3610529 -0.8445072 0
-0.4354869 0.8832845 0.1736654 0
0.2030845 1.178615 -0.5339479 1

-0.5921847 -0.1739237 -0.786809 0
0.7070052 0.3563192 -0.6108852 0
-0.3866023 0.9180346 0.08804178 0
0.2715925 1.168568 -0.5774657 1

-0.6006349 -0.163371 -0.7826543 0
0.7049984 0.3535011 -0.6148291 0
-0.3771142 0.9210576 0.09714881 0
0.2843799 1.173946 -0.5594121 1

-0.5540199 -0.3114625 -0.7720451 0
0.7121701 0.3029529 -0.6332723 0
-0.4311336 0.9006727 -0.05397236 0
0.2950545 1.182088 -0.5403921 1

-0.4905016 -0.4625277 -0.7385638 0
0.7888507 0.124471 -0.601849 0
-0.3703016 0.8778241 -0.303812 0
0.302954 1.190629 -0.5222864 1

0.06824857 -0.722239 -0.6882679 0
-0.4149154 0.606838 -0.6779327 0
-0.9072967 -0.331841 0.2582523 0
0.3172055 1.174094 -0.2259369 1

-0.2102293 -0.960328 -0.183231 0
-0.1499876 0.2168815 -0.9646066 0
-0.9660783 0.1753063 0.189632 0
0.3253575 1.194972 -0.3045863 1

-0.1444345 -0.9861775 -0.08119434 0
-0.09227434 0.09512047 -0.9911798 0
-0.9852027 0.1356684 0.1047375 0
0.3225941 1.173326 -0.3110819 1

-0.4013847 -0.9150878 -0.03879036 0
-0.2753167 0.1609384 -0.9477866 0
-0.8735508 0.3697475 0.3165371 0
0.3170937 1.151098 -0.3152856 1

-0.4929262 -0.8681394 -0.05794519 0
-0.181873 0.1679357 -0.9688756 0
-0.8508502 0.4670455 0.2406711 0
0.3109799 1.130548 -0.3171467 1

-0.1026891 -0.001183182 -0.9947128 0
0.1998209 0.9795901 -0.02179363 0
-0.9744363 0.2010023 0.1003568 0
0.2972269 1.200935 -0.337169 1

-0.6905373 -0.199589 -0.6952142 0
0.5660889 0.4491599 -0.69123 0
-0.4502243 0.8708732 0.1971766 0
0.2209387 1.194913 -0.5720685 1

-0.5618965 -0.1451273 -0.8143774 0
0.4654448 0.7583917 -0.4562936 0
-0.6838377 0.6354373 0.3585888 0
0.3108262 1.188341 -0.6113655 1

-0.5592943 -0.1092155 -0.8217433 0
0.2641927 0.9161096 -0.3015721 0
-0.7857433 0.3857661 0.483521 0
0.3253079 1.194468 -0.5951055 1

-0.51157 -0.2236784 -0.829617 0
-0.09451862 0.9743123 -0.2044072 0
-0.8540273 0.02615427 0.5195708 0
0.3336466 1.198505 -0.5747088 1

-0.43857 -0.4159432 -0.7966479 0
0.2411466 0.7994731 -0.5501742 0
-0.8657398 0.4333987 0.2503217 0
0.3320191 1.195216 -0.5444614 1

0.1970871 -0.9059125 -0.3748056 0
-0.3780296 0.2825176 -0.8816333 0
-0.9045719 -0.3154462 0.2867813 0
0.2984759 1.201487 -0.2565394 1

-0.2061953 -0.9639962 -0.167912 0
-0.3435842 0.2320005 -0.9100139 0
-0.916206 0.1299488 0.3790514 0
0.3170342 1.207008 -0.3581151 1

-0.0398824 -0.9991109 -0.01365227 0
-0.9468676 0.03342602 0.3198819 0
0.3191413 -0.02568447 0.9473593 0
0.3172372 1.178849 -0.3686237 1

-0.280877 -0.9597294 -0.005214274 0
-0.7108091 0.2043706 0.6730402 0
0.6448709 -0.1927478 0.7395875 0
0.3021744 1.15982 -0.3666457 1

-0.3981947 -0.9172993 0.001707807 0
-0.873612 0.3797967 0.3042307 0
0.2797194 -0.1196511 0.9525968 0
0.3042788 1.136735 -0.3528447 1

-0.8195353 -0.4362054 -0.371601 0
0.3914675 0.04738483 -0.9189715 0
-0.4184683 0.8985991 -0.1319265 0
0.2502547 1.218173 -0.6078651 1

-0.5469898 -0.1001787 -0.8311238 0
0.1091077 0.9758144 -0.1894262 0
-0.8299989 0.1942961 0.5228302 0
0.32661 1.214059 -0.6268389 1

-0.5612959 -0.03407517 -0.8269135 0
-0.3133947 0.9334973 0.1742602 0
-0.7659837 -0.3569619 0.5346473 0
0.3350356 1.228199 -0.6062095 1

-0.5955186 -0.05523521 -0.8014406 0
-0.4426634 0.8550748 0.269994 0
-0.6703785 -0.5155548 0.5336636 0
0.330123 1.234826 -0.5823289 1

-0.4386191 -0.3643067 -0.8215194 0
-0.2274321 0.9293875 -0.2907127 0
-0.8694185 -0.05932773 0.4905021 0
0.3388078 1.217722 -0.5599498 1

0.2478189 -0.9647217 0.0888712 0
-0.03146365 -0.09969881 -0.9945201 0
-0.9682956 -0.2436647 0.05506083 0
0.2788997 1.216117 -0.3021945 1

-0.1782989 -0.9750589 -0.1321727 0
-0.8012297 0.2218415 -0.5557133 0
-0.5711746 -0.006817544 0.8208002 0
0.305383 1.214875 -0.3889747 1

0.01467898 -0.9959188 -0.0890533 0
-0.005397677 -0.08914045 0.9960046 0
0.9998778 0.01413961 0.006684244 0
0.2823737 1.180079 -0.3568457 1

-0.2653127 -0.9584839 -0.1044872 0
0.4715393 -0.2235174 0.8530478 0
0.8409875 -0.1770546 -0.5112647 0
0.2756756 1.167439 -0.341555 1

-0.3435341 -0.9352701 -0.08516983 0
0.05064595 -0.1090069 0.9927498 0
0.9377736 -0.33673 -0.08481514 0
0.2796852 1.147427 -0.3442801 1

-0.8195353 -0.4362054 -0.371601 0
0.3914675 0.04738483 -0.9189715 0
-0.4184683 0.8985991 -0.1319265 0
0.2625211 1.219658 -0.6366605 1

-0.5469898 -0.1001787 -0.8311238 0
0.1091077 0.9758144 -0.1894262 0
-0.8299989 0.1942961 0.5228302 0
0.3294362 1.239336 -0.6317456 1

-0.5612959 -0.03407517 -0.8269135 0
-0.3133947 0.9334973 0.1742602 0
-0.7659837 -0.3569619 0.5346473 0
0.3287831 1.246823 -0.6027328 1

-0.5955186 -0.05523521 -0.8014406 0
-0.4426634 0.8550748 0.269994 0
-0.6703785 -0.5155548 0.5336636 0
0.3226842 1.249195 -0.5777918 1

-0.4386191 -0.3643067 -0.8215194 0
-0.2274321 0.9293875 -0.2907127 0
-0.8694185 -0.05932773 0.4905021 0
0.3339105 1.237734 -0.5662096 1

0.2478189 -0.9647217 0.0888712 0
-0.03146365 -0.09969881 -0.9945201 0
-0.9682956 -0.2436647 0.05506083 0
0.2779137 1.212993 -0.3333613 1

-0.1782989 -0.9750589 -0.1321727 0
-0.8012297 0.2218415 -0.5557133 0
-0.5711746 -0.006817544 0.8208002 0
0.2846291 1.220621 -0.403369 1

0.01467898 -0.9959188 -0.0890533 0
-0.005397677 -0.08914045 0.9960046 0
0.9998778 0.01413961 0.006684244 0
0.282266 1.178301 -0.3369745 1

-0.2653127 -0.9584839 -0.1044872 0
0.4715393 -0.2235174 0.8530478 0
0.8409875 -0.1770546 -0.5112647 0
0.2835997 1.163682 -0.32722 1

-0.3435341 -0.9352701 -0.08516983 0
0.05064595 -0.1090069 0.9927498 0
0.9377736 -0.33673 -0.08481514 0
0.2807757 1.14508 -0.3229036 1

0.595342 -0.03086356 0.8028794 0
0.01835097 0.9995236 0.02481538 0
0.8032628 4.001986E-05 -0.5956248 0
0.006718538 0.887064 -0.004121328 1

0.5906205 -0.02473778 0.8065702 0
0.2341997 0.9617625 -0.1419979 0
0.7722162 -0.2727654 -0.5738302 0
0.02108007 0.9792839 -0.01122572 1

-0.9563913 -0.0818393 -0.2803893 0
0.2912403 -0.1940809 -0.936756 0
-0.0222453 0.9775659 -0.2094522 0
-0.05123612 0.8573202 -0.08228124 1

-0.160573 0.01387905 -0.9869264 0
0.9869946 -0.005457068 -0.1606608 0
0.007615438 0.9998888 0.01282236 0
0.0634719 0.8513741 0.07241415 1

0.5779117 -0.02879683 0.8155911 0
0.2394536 0.9613739 -0.135728 0
0.7801794 -0.273735 -0.5624847 0
0.05914894 1.135617 -0.0343073 1

-0.8832852 -0.2120972 -0.4181176 0
-0.1937906 -0.6469007 0.7375395 0
0.4269107 -0.732485 -0.5302954 0
0.0706029 0.7761273 -0.4741687 1

-0.2586167 0.1143063 -0.9591932 0
-0.7560474 -0.6420107 0.1273367 0
0.601257 -0.7581269 -0.2524557 0
0.4763764 0.8490912 0.005202463 1

0.5642791 -0.02976603 0.8250473 0
0.4240231 0.8679187 -0.2586916 0
0.7083738 -0.4958134 -0.5023699 0
0.09195583 1.267332 -0.05290303 1

-0.9634134 -0.004573435 -0.2679813 0
-0.1978102 -0.6625236 0.7224498 0
0.1808481 -0.7490272 -0.6373795 0
-0.004865408 0.5242033 -0.186947 1

-0.3871043 0.03073077 -0.9215237 0
-0.5927031 -0.7738854 0.2231693 0
0.7062955 -0.6325799 -0.3177886 0
0.1819465 0.599071 0.05479161 1

0.6301974 -0.03562154 0.7756174 0
0.3905537 0.8779143 -0.2770094 0
0.671058 -0.4774909 -0.5671714 0
0.1199555 1.409366 -0.06692867 1

0.8503347 -0.3971235 -0.3452881 0
-0.4319013 -0.1517926 -0.8890559 0
-0.300653 -0.9051253 0.3005927 0
0.07361018 1.376384 -0.1108926 1

-0.6784633 0.2055997 0.7052774 0
0.6721362 -0.213766 0.7088983 0
-0.2965136 -0.9550041 -0.006841362 0
0.1429521 1.372727 -0.009507487 1

-0.9599978 0.1181983 -0.2538382 0
-0.1003479 -0.991551 -0.08220139 0
0.2614095 0.05344099 -0.9637476 0
-0.03493255 0.4234997 -0.07713466 1

-0.3581479 -0.01580026 -0.9335313 0
0.2479014 -0.9655784 -0.07876436 0
0.900153 0.2596327 -0.3497368 0
0.09185568 0.4814404 0.08871333 1

0.6301974 -0.03562154 0.7756174 0
0.3905537 0.8779143 -0.2770094 0
0.671058 -0.4774909 -0.5671714 0
0.1431256 1.443042 -0.08420803 1

0.6995375 0.2051078 -0.6845277 0
-0.1281156 -0.9064043 -0.4025143 0
0.7030177 -0.3692725 0.6077863 0
0.01976935 1.357461 -0.2217223 1

-0.008840531 -0.06497002 0.9978479 0
0.3899648 -0.9191016 -0.05638798 0
-0.9207874 -0.3886271 -0.03346133 0
0.2267403 1.346079 0.07886349 1

-0.9599978 0.1181983 -0.2538382 0
-0.1003479 -0.991551 -0.08220139 0
0.2614095 0.05344099 -0.9637476 0
-0.05349689 0.2400628 -0.09234193 1

-0.3581479 -0.01580026 -0.9335313 0
0.2479014 -0.9655784 -0.07876436 0
0.900153 0.2596327 -0.3497368 0
0.1377174 0.3028083 0.07414193 1

0.8541632 -0.2205255 0.4709286 0
0.3828785 0.8795108 -0.2826038 0
0.3518654 -0.4216982 -0.8356801 0
0.1646128 1.474293 -0.1002314 1

-0.6367699 0.3180215 -0.702415 0
0.7707673 0.237696 -0.5911164 0
0.02102663 0.9178035 0.3964782 0
-0.01570203 1.106505 -0.3331665 1

-0.2802165 -0.9453427 -0.1667503 0
-0.0279575 0.1816729 -0.9829615 0
-0.9595296 0.2707803 0.07733709 0
0.3347099 1.091608 0.06325135 1

0.8541632 -0.2205255 0.4709286 0
0.3828785 0.8795108 -0.2826038 0
0.3518654 -0.4216982 -0.8356801 0
0.3453137 1.771659 -0.2889335 1

0.3518673 -0.4216987 -0.8356792 0
-0.8541623 0.2205246 -0.4709305 0
-0.3828785 -0.8795108 0.2826038 0
0.231787 1.570129 -0.2852782 1

-0.3518503 0.4216964 0.8356874 0
0.854169 -0.2205325 0.4709148 0
-0.3828792 -0.8795097 0.2826056 0
0.3187418 1.547679 -0.2373372 1

-0.5527629 -0.3336625 -0.763625 0
0.8087315 0.006250226 -0.5881451 0
-0.2010148 0.942672 -0.2663885 0
0.1993019 1.17281 -0.4980571 1

-0.2216155 -0.932072 -0.2865806 0
-0.03609478 0.3015278 -0.9527739 0
-0.9744659 0.2008055 0.1004661 0
0.3269112 1.142285 -0.2109438 1

-0.8086698 -0.2992161 -0.5064816 0
0.3953851 0.3610414 -0.8445827 0
-0.4355732 0.8832436 0.1736577 0
0.2031283 1.178663 -0.5338974 1

-0.5922625 -0.1740521 -0.7867219 0
0.7068844 0.3563625 -0.6109996 0
-0.3867037 0.9179935 0.08802524 0
0.271632 1.168622 -0.577423 1

-0.6007137 -0.1635003 -0.782567 0
0.7048775 0.3535438 -0.614943 0
-0.3772148 0.9210182 0.09713092 0
0.284421 1.174002 -0.5593715 1

-0.5540791 -0.3115852 -0.7719532 0
0.7120528 0.3029953 -0.6333836 0
-0.4312509 0.9006158 -0.05398181 0
0.2950971 1.182147 -0.5403532 1

-0.4905382 -0.4626403 -0.7384692 0
0.7887593 0.1245251 -0.6019572 0
-0.3704475 0.8777573 -0.3038277 0
0.3029979 1.190691 -0.5222491 1

0.06831399 -0.7222606 -0.688239 0
-0.4151246 0.6067168 -0.6779132 0
-0.9071959 -0.3320157 0.2583808 0
0.3172662 1.174174 -0.2258964 1

-0.2100526 -0.9603813 -0.1831553 0
-0.1501511 0.2168004 -0.9645995 0
-0.9660913 0.1751159 0.1897418 0
0.3254042 1.19505 -0.3045478 1

-0.1442398 -0.9862117 -0.08112544 0
-0.09241587 0.09504985 -0.9911735 0
-0.9852178 0.1354695 0.1048516 0
0.3226445 1.173403 -0.311042 1

-0.4011996 -0.915173 -0.03869358 0
-0.2754665 0.1608322 -0.9477612 0
-0.8735884 0.3695827 0.3166254 0
0.3171482 1.151174 -0.3152439 1

-0.4927533 -0.8682446 -0.05783966 0
-0.182027 0.1678477 -0.9688619 0
-0.8509174 0.4668815 0.2407515 0
0.3110384 1.130622 -0.3171031 1

-0.1028111 -0.00125614 -0.9947001 0
0.199615 0.9796304 -0.02186894 0
-0.9744659 0.2008055 0.1004661 0
0.2972684 1.201005 -0.3371274 1

-0.6906005 -0.1997232 -0.695113 0
0.5659467 0.4491805 -0.6913332 0
-0.4503062 0.8708318 0.1971714 0
0.2209757 1.19496 -0.5720214 1

-0.5619815 -0.1452542 -0.8142963 0
0.465294 0.7584162 -0.456406 0
-0.6838702 0.6353788 0.3586298 0
0.310859 1.188398 -0.611329 1

-0.5593846 -0.1093425 -0.821665 0
0.2640423 0.9161206 -0.3016704 0
-0.7857295 0.3857039 0.4835928 0
0.3253421 1.194527 -0.5950713 1

-0.5116473 -0.2238001 -0.8295367 0
-0.0946639 0.9742861 -0.2044644 0
-0.853965 0.02608644 0.5196766 0
0.3336827 1.198566 -0.574676 1

-0.4386194 -0.4160538 -0.796563 0
0.2409791 0.7994635 -0.5502614 0
-0.8657612 0.4333102 0.2504 0
0.3320595 1.195279 -0.5444281 1

0.1972289 -0.9058911 -0.3747829 0
-0.3781967 0.2823935 -0.8816016 0
-0.9044711 -0.3156189 0.2869087 0
0.2985272 1.201562 -0.256498 1

-0.2060159 -0.9640478 -0.1678368 0
-0.3437442 0.2318821 -0.9099839 0
-0.9161863 0.1297784 0.3791572 0
0.3170719 1.207081 -0.3580764 1

-0.0396769 -0.99912 -0.0135955 0
-0.9468353 0.03324629 0.3199966 0
0.319263 -0.02556909 0.9473214 0
0.3172794 1.178921 -0.3685835 1

-0.2806785 -0.959788 -0.005130053 0
-0.7107688 0.2042583 0.6731169 0
0.6450018 -0.1925757 0.7395183 0
0.3022208 1.159889 -0.3666026 1

-0.3980042 -0.9173818 0.001804247 0
-0.8736534 0.3796312 0.3043185 0
0.2798612 -0.1195436 0.9525687 0
0.3043316 1.136806 -0.3528007 1

-0.8195286 -0.4363323 -0.3714668 0
0.3913455 0.04736757 -0.919024 0
-0.4185953 0.8985383 -0.1319376 0
0.2502842 1.218222 -0.6078232 1

-0.5470824 -0.1003048 -0.8310478 0
0.1089642 0.9758143 -0.1895092 0
-0.8299567 0.1942315 0.5229211 0
0.3266378 1.214116 -0.6268064 1

-0.5613962 -0.03420275 -0.8268406 0
-0.3134872 0.9334712 0.1742334 0
-0.7658724 -0.3570179 0.5347692 0
0.3350641 1.228258 -0.6061789 1

-0.595613 -0.05536523 -0.8013616 0
-0.4427342 0.8550397 0.2699891 0
-0.6702478 -0.515599 0.5337846 0
0.3301537 1.234887 -0.5822982 1

-0.438678 -0.3644189 -0.8214383 0
-0.2275826 0.9293389 -0.2907499 0
-0.8693492 -0.05939955 0.4906159 0
0.3388435 1.217785 -0.5599189 1

0.2480299 -0.9646658 0.08889078 0
-0.03156519 -0.09975693 -0.9945111 0
-0.968238 -0.2438626 0.05519244 0
0.2789423 1.216186 -0.3021515 1

-0.1781128 -0.9751027 -0.1321004 0
-0.8013439 0.2216466 -0.5556263 0
-0.5710725 -0.006893401 0.8208706 0
0.3054151 1.214944 -0.3889349 1

0.0148746 -0.9959204 -0.08900345 0
-0.005256861 -0.08908992 0.9960097 0
0.9998758 0.01434723 0.006560653 0
0.2824171 1.180145 -0.3568012 1

-0.2651266 -0.9585443 -0.1044049 0
0.4716904 -0.2233754 0.8530015 0
0.8409613 -0.1769067 -0.5113589 0
0.2757235 1.167504 -0.3415091 1

-0.3433506 -0.9353459 -0.08507913 0
0.05079061 -0.1089448 0.9927494 0
0.9378331 -0.33654 -0.08491305 0
0.2797369 1.147493 -0.3442336 1

-0.8195286 -0.4363323 -0.3714668 0
0.3913455 0.04736757 -0.919024 0
-0.4185953 0.8985383 -0.1319376 0
0.2625469 1.219706 -0.6366203 1

-0.5470824 -0.1003048 -0.8310478 0
0.1089642 0.9758143 -0.1895092 0
-0.8299567 0.1942315 0.5229211 0
0.3294602 1.239393 -0.6317152 1

-0.5613962 -0.03420275 -0.8268406 0
-0.3134872 0.9334712 0.1742334 0
-0.7658724 -0.3570179 0.5347692 0
0.3288099 1.246882 -0.6027028 1

-0.595613 -0.05536523 -0.8013616 0
-0.4427342 0.8550397 0.2699891 0
-0.6702478 -0.515599 0.5337846 0
0.3227138 1.249255 -0.5777612 1

-0.438678 -0.3644189 -0.8214383 0
-0.2275826 0.9293389 -0.2907499 0
-0.8693492 -0.05939955 0.4906159 0
0.333943 1.237796 -0.5661795 1

0.2480299 -0.9646658 0.08889078 0
-0.03156519 -0.09975693 -0.9945111 0
-0.968238 -0.2438626 0.05519244 0
0.2779531 1.213059 -0.3333181 1

-0.1781128 -0.9751027 -0.1321004 0
-0.8013439 0.2216466 -0.5556263 0
-0.5710725 -0.006893401 0.8208706 0
0.2846583 1.220685 -0.403327 1

0.0148746 -0.9959204 -0.08900345 0
-0.005256861 -0.08908992 0.9960097 0
0.9998758 0.01434723 0.006560653 0
0.2823122 1.178368 -0.33693 1

-0.2651266 -0.9585443 -0.1044049 0
0.4716904 -0.2233754 0.8530015 0
0.8409613 -0.1769067 -0.5113589 0
0.2836501 1.16375 -0.3271748 1

-0.3433506 -0.9353459 -0.08507913 0
0.05079061 -0.1089448 0.9927494 0
0.9378331 -0.33654 -0.08491305 0
0.2808305 1.145147 -0.322857 1

0.595342 -0.03086356 0.8028794 0
0.01835097 0.9995236 0.02481538 0
0.8032628 4.001986E-05 -0.5956248 0
0.006701576 0.8870602 -0.004094226 1

0.5906205 -0.02473778 0.8065702 0
0.2341997 0.9617625 -0.1419979 0
0.7722162 -0.2727654 -0.5738302 0
0.02106311 0.9792801 -0.01119862 1

-0.9563149 -0.08199015 -0.2806065 0
0.2914639 -0.1931827 -0.9368722 0
-0.02260617 0.9777311 -0.2086405 0
-0.05125308 0.8573164 -0.08225414 1

-0.1604283 0.01259749 -0.9869671 0
0.9870104 -0.00662072 -0.1605199 0
0.0085566 0.9998986 0.01137169 0
0.06345494 0.8513704 0.07244125 1

0.5779117 -0.02879683 0.8155911 0
0.2394536 0.9613739 -0.135728 0
0.7801794 -0.273735 -0.5624847 0
0.05913197 1.135613 -0.0342802 1

-0.8809088 -0.2177896 -0.4201998 0
-0.1945145 -0.6427869 0.7409381 0
0.4314675 -0.7344339 -0.5238735 0
0.07067952 0.7764993 -0.4741903 1

-0.2637271 0.1191287 -0.9572128 0
-0.7550756 -0.6430202 0.1280088 0
0.6002578 -0.7565272 -0.259533 0
0.476366 0.8486007 0.005288559 1

0.5642524 -0.02970727 0.8250677 0
0.424007 0.8679174 -0.2587224 0
0.7084047 -0.4958192 -0.5023206 0
0.09193887 1.267329 -0.05287592 1

-0.9628897 -0.007480606 -0.2697925 0
-0.1980381 -0.6595683 0.7250867 0
0.1833708 -0.7516077 -0.6336102 0
-0.005070699 0.5261773 -0.185645 1

-0.3946196 0.03967863 -0.9179875 0
-0.5863715 -0.7800592 0.2183493 0
0.7074207 -0.6244465 -0.331093 0
0.1823146 0.5981873 0.0551394 1

0.6301726 -0.03556345 0.7756403 0
0.390538 0.8779112 -0.2770418 0
0.6710907 -0.4775011 -0.5671243 0
0.1199349 1.409362 -0.06690799 1

0.8503577 -0.3971172 -0.3452392 0
-0.4318674 -0.1518509 -0.8890625 0
-0.3006372 -0.9051184 0.3006295 0
0.07359204 1.376376 -0.1108718 1

-0.6784927 0.2056169 0.7052442 0
0.6721187 -0.2137101 0.7089319 0
-0.2964862 -0.9550129 -0.006801859 0
0.1429307 1.372727 -0.009484133 1

-0.9597149 0.1153601 -0.2562032 0
-0.0984641 -0.9920896 -0.07786796 0
0.2631592 0.04950403 -0.9634818 0
-0.03517248 0.425923 -0.07543187 1

-0.3654885 -0.006529534 -0.9307929 0
0.2529021 -0.9630551 -0.09254961 0
0.8958008 0.2692254 -0.3536369 0
0.09318621 0.4796183 0.0883285 1

0.6301726 -0.03556345 0.7756403 0
0.390538 0.8779112 -0.2770418 0
0.6710907 -0.4775011 -0.5671243 0
0.1431047 1.443038 -0.08418833 1

0.6994898 0.2052276 -0.6845408 0
-0.1279158 -0.9064535 -0.4024671 0
0.7031015 -0.3690851 0.6078029 0
0.01975546 1.357447 -0.2217023 1

-0.009041667 -0.06501625 0.9978431 0
0.3901274 -0.9190352 -0.0563464 0
-0.9207164 -0.3887766 -0.03367424 0
0.2267167 1.346086 0.07889099 1

-0.9597149 0.1153601 -0.2562032 0
-0.0984641 -0.9920896 -0.07786796 0
0.2631592 0.04950403 -0.9634818 0
-0.05338833 0.2423863 -0.08983744 1

