MeshAnim
1
30
69
60
0.3083546 -0.1145537 0.944349 0
0.08375601 0.9921368 0.09300204 0
0.9475772 -0.0504173 -0.3155245 0
0.0006116017 0.8344545 -0.001888498 1

0.349894 -0.09382379 0.9320791 0
0.2278683 0.9736121 0.01246486 0
0.908653 -0.2080299 -0.3620404 0
0.02328369 0.9251971 0.001715758 1

-0.07322013 0.1483939 -0.986214 0
0.8569679 -0.4964594 -0.1383258 0
0.510142 0.8552819 0.09081794 0
-0.03183619 0.813015 -0.09590923 1

-0.04823096 0.1243209 -0.9910693 0
0.3685899 -0.9199793 -0.1333409 0
0.9283401 0.3717293 0.001452014 0
0.02757634 0.7909439 0.08604398 1

0.4281626 -0.07991557 0.9001614 0
0.2894244 0.9557427 -0.05281499 0
0.8561018 -0.283142 -0.4323428 0
0.0603234 1.083456 0.003741903 1

-0.1182485 0.08052956 -0.9897133 0
-0.8054921 -0.5906451 0.04817942 0
0.5806895 -0.8029032 -0.1347088 0
0.3266723 0.6053236 -0.1537772 1

-0.02706933 0.07888308 -0.9965165 0
-0.7015316 -0.7116628 -0.03727806 0
0.7121242 -0.6980787 -0.07460317 0
0.1817742 0.4060749 0.03026144 1

0.501561 -0.09005861 0.8604222 0
0.4873987 0.8511199 -0.1950316 0
0.7147582 -0.5171887 -0.4707831 0
0.09997667 1.2144 -0.003494137 1

-0.008776695 -0.06971554 -0.9975284 0
-0.8407184 -0.5395908 0.04510807 0
0.5414017 -0.8390362 0.05387531 0
0.01298773 0.3753073 -0.1350145 1

-0.09602912 0.01804852 -0.9952149 0
0.5255004 -0.848223 -0.06608871 0
0.8453568 0.5293322 -0.07196952 0
-0.09142545 0.1289299 0.01574412 1

0.6007073 -0.1294769 0.7889149 0
0.4199902 0.8907697 -0.1736019 0
0.6802639 -0.4356203 -0.5894707 0
0.1364932 1.355033 -0.01006076 1

0.7233279 -0.5997614 -0.3421739 0
-0.4621339 -0.05228584 -0.8852674 0
-0.5130584 -0.7984687 0.31499 0
0.09169845 1.326256 -0.05837036 1

-0.4039986 0.5989799 0.6913813 0
0.6659279 -0.3256014 0.671211 0
-0.6271566 -0.7315784 0.267335 0
0.1533334 1.31519 0.04736191 1

-0.1064252 0.04255143 -0.9934098 0
-0.02225528 -0.9989356 -0.0404039 0
0.9940719 -0.01780864 -0.1072589 0
-0.1148015 0.2932895 -0.1281581 1

0.03661963 -0.0173888 -0.9991781 0
0.9990113 0.0258609 0.03616351 0
-0.02521095 0.9995146 -0.01831862 0
-0.01154941 0 0.005698652 1

0.6007073 -0.1294769 0.7889149 0
0.4199902 0.8907697 -0.1736019 0
0.6802639 -0.4356203 -0.5894707 0
0.1610263 1.389655 -0.0230589 1

0.7594662 0.1114245 -0.6409336 0
-0.3491007 -0.7615461 -0.5460551 0
0.5489445 -0.6384605 0.5394703 0
0.03408884 1.319738 -0.1687278 1

0.2487706 -0.1116406 0.9621072 0
0.3696341 -0.9072109 -0.2008462 0
-0.8952564 -0.4055921 0.1844211 0
0.2363477 1.274601 0.1310348 1

-0.1064252 0.04255143 -0.9934098 0
-0.02225528 -0.9989356 -0.0404039 0
0.9940719 -0.01780864 -0.1072589 0
-0.1189187 0.1084864 -0.1356328 1

0.03661963 -0.0173888 -0.9991781 0
0.9990113 0.0258609 0.03616351 0
-0.02521095 0.9995146 -0.01831862 0
0.1732677 0.004784226 0.0123889 1

0.9564849 -0.1557602 0.2467299 0
0.2210283 0.9388044 -0.2641833 0
0.1904818 -0.3072214 -0.9323796 0
0.1837778 1.421783 -0.03510991 1

-0.5424315 0.3200105 -0.7767634 0
0.8400972 0.2041967 -0.5025342 0
0.00220371 0.9251469 0.3796027 0
-0.06256666 1.108888 -0.319914 1

-0.00483682 -0.9122266 -0.4096578 0
-0.1048262 0.4078681 -0.9070037 0
-0.994479 -0.03855574 0.0975979 0
0.3386882 1.023421 0.07542647 1

0.9564849 -0.1557602 0.2467299 0
0.2210283 0.9388044 -0.2641833 0
0.1904818 -0.3072214 -0.9323796 0
0.2868371 1.752891 -0.2259878 1

0.1904838 -0.3072217 -0.9323791 0
-0.9564845 0.1557595 -0.2467318 0
-0.2210283 -0.9388044 0.2641833 0
0.1972261 1.539729 -0.2190863 1

-0.1904653 0.3072208 0.9323832 0
0.9564881 -0.1557653 0.2467142 0
-0.2210286 -0.9388037 0.2641853 0
0.2945974 1.523872 -0.193969 1

-0.5522584 -0.3517351 -0.7558395 0
0.7889518 0.07245336 -0.6101687 0
-0.2693809 0.9332916 -0.2374891 0
0.1717767 1.165848 -0.4600949 1

-0.1692817 -0.9378423 -0.3029781 0
-0.08381626 0.3200004 -0.9437028 0
-0.9819974 0.1343572 0.1327764 0
0.3094472 1.137195 -0.1775803 1

-0.8021716 -0.3399329 -0.4908838 0
0.3461295 0.4051591 -0.8461921 0
-0.4865344 0.8487003 0.2073464 0
0.1741586 1.17275 -0.4958738 1

-0.6026714 -0.1945686 -0.7739061 0
0.6640235 0.4155809 -0.621583 0
-0.4425612 0.8885019 0.1212607 0
0.2418566 1.168199 -0.5415283 1

-0.6116617 -0.1846888 -0.7692596 0
0.662088 0.4127271 -0.6255365 0
-0.4330238 0.891934 0.1301692 0
0.2547967 1.173994 -0.5237145 1

-0.5552459 -0.3296083 -0.763584 0
0.6719745 0.3631861 -0.6454041 0
-0.4900537 0.8714667 -0.01983067 0
0.2654787 1.182387 -0.504808 1

-0.4811 -0.4769024 -0.7355999 0
0.7609664 0.1894511 -0.6205148 0
-0.4352851 0.8582964 -0.2717619 0
0.2733397 1.191018 -0.4867276 1

0.09440728 -0.7004963 -0.7073841 0
-0.4734582 0.5934651 -0.6508742 0
-0.8757424 -0.3963638 0.2756282 0
0.2973198 1.168716 -0.1914692 1

-0.1528439 -0.9676679 -0.2006441 0
-0.1924546 0.2282878 -0.9543827 0
-0.9693298 0.1072567 0.2211244 0
0.3017499 1.191853 -0.2697835 1

-0.08249569 -0.9914428 -0.1011724 0
-0.1277807 0.1112033 -0.9855489 0
-0.9883657 0.06837575 0.1358608 0
0.3002044 1.170225 -0.2767259 1

-0.3421378 -0.9383298 -0.04978894 0
-0.3133323 0.1638819 -0.9353962 0
-0.8858695 0.304434 0.3500791 0
0.296035 1.147784 -0.2813147 1

-0.4370636 -0.897065 -0.06519151 0
-0.2212096 0.177465 -0.9589438 0
-0.8718039 0.4046983 0.2760026 0
0.2912148 1.126924 -0.2835042 1

-0.08381623 0.3200005 -0.9437029 0
0.1692817 0.9378422 0.3029783 0
-0.9819974 0.1343572 0.1327764 0
0.2723322 1.196692 -0.3014015 1

-0.6963996 -0.2286846 -0.6802435 0
0.5150675 0.5007745 -0.6956514 0
-0.4997334 0.8348222 0.2309513 0
0.1897826 1.191038 -0.5340704 1

-0.5751436 -0.1632344 -0.8016015 0
0.4015712 0.7973666 -0.4504966 0
-0.7127066 0.5810001 0.3930501 0
0.2787051 1.191261 -0.5760217 1

-0.5750952 -0.1270727 -0.8081573 0
0.1951774 0.9380247 -0.2863834 0
-0.7944631 0.3224317 0.5146518 0
0.2932336 1.197955 -0.5600294 1

-0.5203011 -0.2379548 -0.8201613 0
-0.1635214 0.970385 -0.1778032 0
-0.8381814 -0.0416027 0.5438031 0
0.3018925 1.202068 -0.539782 1

-0.4340399 -0.4257158 -0.7939621 0
0.1724024 0.8257663 -0.5370172 0
-0.8842437 0.3699678 0.2850211 0
0.3013774 1.197998 -0.5095903 1

0.2441864 -0.8823512 -0.4022799 0
-0.4216987 0.2769406 -0.8634088 0
-0.8732374 -0.3804733 0.3044612 0
0.2759475 1.195505 -0.2208502 1

-0.1481262 -0.9714082 -0.1855388 0
-0.3849092 0.2294433 -0.8939806 0
-0.9109906 0.06100628 0.4078903 0
0.29107 1.204521 -0.3227451 1

0.02464289 -0.9990131 -0.03695346 0
-0.9370763 -0.03596037 0.3472681 0
0.3482544 -0.02607059 0.9370378 0
0.2927862 1.17668 -0.3339408 1

-0.2180393 -0.9757198 -0.02073948 0
-0.7021772 0.1420825 0.6976819 0
0.6777953 -0.166685 0.7161077 0
0.2790557 1.156665 -0.3320034 1

-0.3376043 -0.9412407 -0.009463307 0
-0.8869499 0.3147328 0.3380286 0
0.3151879 -0.1225134 0.9410885 0
0.2830643 1.133463 -0.3188363 1

-0.8001487 -0.4804869 -0.3590193 0
0.3602136 0.09365825 -0.9281564 0
-0.4795922 0.8719867 -0.09813723 0
0.2164563 1.216972 -0.570096 1

-0.5636858 -0.1170391 -0.8176556 0
0.03993303 0.9848914 -0.1685068 0
-0.8250236 0.1276363 0.5504954 0
0.2923229 1.2183 -0.5912987 1

-0.5821183 -0.05212789 -0.8114315 0
-0.3679929 0.9067806 0.2057437 0
-0.7250654 -0.418368 0.5470362 0
0.30042 1.232493 -0.570574 1

-0.6141282 -0.07605437 -0.7855334 0
-0.4890127 0.8179156 0.3031194 0
-0.6194464 -0.5702896 0.5394965 0
0.2957965 1.238243 -0.5464104 1

-0.438174 -0.3736456 -0.817553 0
-0.2957357 0.9188042 -0.2614186 0
-0.8488488 -0.1272326 0.5130963 0
0.3062308 1.221245 -0.5247083 1

0.3124369 -0.9481542 0.05819851 0
-0.05458379 -0.0790832 -0.9953728 0
-0.9483693 -0.3078142 0.07646233 0
0.25411 1.209847 -0.2655616 1

-0.1185167 -0.9814214 -0.1508838 0
-0.8301573 0.1813058 -0.5272262 0
-0.544787 -0.06277216 0.8362217 0
0.2780174 1.212302 -0.3530608 1

0.07660878 -0.9905496 -0.1137675 0
0.0301125 -0.1117522 0.9932802 0
0.9966067 0.07951976 -0.02126652 0
0.2582832 1.175356 -0.3211545 1

-0.2055568 -0.9712167 -0.1203527 0
0.5102876 -0.2113062 0.833641 0
0.835077 -0.109946 -0.539035 0
0.2528787 1.161962 -0.3059941 1

-0.2845086 -0.9536239 -0.09826675 0
0.08720624 -0.127822 0.987956 0
0.9546991 -0.2725126 -0.1195284 0
0.2580952 1.142323 -0.3093203 1

-0.8001487 -0.4804869 -0.3590193 0
0.3602136 0.09365825 -0.9281564 0
-0.4795922 0.8719867 -0.09813723 0
0.2277433 1.219906 -0.5991792 1

-0.5636858 -0.1170391 -0.8176556 0
0.03993303 0.9848914 -0.1685068 0
-0.8250236 0.1276363 0.5504954 0
0.2933572 1.243812 -0.5956634 1

-0.5821183 -0.05212789 -0.8114315 0
-0.3679929 0.9067806 0.2057437 0
-0.7250654 -0.418368 0.5470362 0
0.2930784 1.250584 -0.5664693 1

-0.6141282 -0.07605437 -0.7855334 0
-0.4890127 0.8179156 0.3031194 0
-0.6194464 -0.5702896 0.5394965 0
0.2875789 1.251988 -0.5413166 1

-0.438174 -0.3736456 -0.817553 0
-0.2957357 0.9188042 -0.2614186 0
-0.8488488 -0.1272326 0.5130963 0
0.2998628 1.241029 -0.5303373 1

0.3124369 -0.9481542 0.05819851 0
-0.05458379 -0.0790832 -0.9953728 0
-0.9483693 -0.3078142 0.07646233 0
0.2523994 1.207368 -0.2967552 1

-0.1185167 -0.9814214 -0.1508838 0
-0.8301573 0.1813058 -0.5272262 0
-0.544787 -0.06277216 0.8362217 0
0.2565143 1.216998 -0.3667172 1

0.07660878 -0.9905496 -0.1137675 0
0.0301125 -0.1117522 0.9932802 0
0.9966067 0.07951976 -0.02126652 0
0.258884 1.173127 -0.3013376 1

-0.2055568 -0.9712167 -0.1203527 0
0.5102876 -0.2113062 0.833641 0
0.835077 -0.109946 -0.539035 0
0.2614538 1.158411 -0.2919851 1

-0.2845086 -0.9536239 -0.09826675 0
0.08720624 -0.127822 0.987956 0
0.9546991 -0.2725126 -0.1195284 0
0.259973 1.139571 -0.2880469 1

0.33889 -0.1445976 0.9296479 0
0.1110872 0.9873565 0.1130784 0
0.9342448 -0.06495084 -0.3506683 0
0.008388827 0.8550419 0.007563771 1

0.3848027 -0.1099771 0.9164236 0
0.2491107 0.9684054 0.0116147 0
0.8887468 -0.2238215 -0.4000415 0
0.03337231 0.9451142 0.01246607 1

-0.1269189 0.1172158 -0.9849631 0
0.864442 -0.4739071 -0.1677864 0
0.4864481 0.8727386 0.0411785 0
-0.0278953 0.8366532 -0.08569784 1

-0.05140558 0.1391616 -0.9889348 0
0.1717839 -0.974252 -0.1460249 0
0.9837926 0.1773895 -0.02617624 0
0.03740068 0.8087934 0.09342284 1

0.4710617 -0.08339321 0.8781495 0
0.2973924 0.9522517 -0.06909855 0
0.8304569 -0.2937046 -0.4733698 0
0.07386493 1.102527 0.01435402 1

-0.1783559 0.06755707 -0.9816442 0
-0.6135432 -0.7875816 0.05727364 0
0.7692555 -0.6124962 -0.181919 0
0.3337399 0.6383964 -0.1558905 1

-0.0216862 0.07779318 -0.9967338 0
-0.713896 -0.6991629 -0.03903595 0
0.6999159 -0.7107175 -0.07069835 0
0.1092656 0.4012197 0.03233401 1

0.5525031 -0.0836718 0.8293006 0
0.4763599 0.8481476 -0.2317909 0
0.6839749 -0.5231108 -0.5084621 0
0.1146099 1.232993 0.004887019 1

-0.01755068 -0.0097588 -0.9997983 0
-0.4417395 -0.8969917 0.01650968 0
0.8969718 -0.4419401 -0.01143199 0
0.09480643 0.3316867 -0.1335863 1

-0.09802687 0.01664844 -0.9950446 0
0.5260332 -0.8478985 -0.06600863 0
0.8447959 0.529897 -0.07435922 0
-0.168749 0.1289424 0.01713212 1

0.647994 -0.1155042 0.7528364 0
0.4055796 0.8889662 -0.2127075 0
0.6446773 -0.4431682 -0.6228909 0
0.1509349 1.373471 -0.005140251 1

0.7005835 -0.6009193 -0.3848101 0
-0.5246202 -0.06821357 -0.8485993 0
-0.4836904 -0.7963939 0.3630437 0
0.1032448 1.344377 -0.05039245 1

-0.3539537 0.6061537 0.7122462 0
0.7077994 -0.3241805 0.6276362 0
-0.6113402 -0.7262815 0.3142904 0
0.1711398 1.334097 0.05151541 1

-0.1720881 0.02946257 -0.9846409 0
0.4825043 -0.8689175 -0.1103284 0
0.858822 0.4940797 -0.1353145 0
0.02766203 0.1953439 -0.1310768 1

0.03464112 -0.01869068 -0.9992252 0
0.9990609 0.02669045 0.03413615 0
-0.02603164 0.999469 -0.01959772 0
-0.08879199 6.192923E-05 0.007098825 1

0.647994 -0.1155042 0.7528364 0
0.4055796 0.8889662 -0.2127075 0
0.6446773 -0.4431682 -0.6228909 0
0.1745127 1.407945 -0.02014535 1

0.7515001 0.1661418 -0.6384706 0
-0.3152878 -0.7596593 -0.5687809 0
0.5795183 -0.6287408 0.5185015 0
0.03784569 1.335874 -0.1561788 1

0.3009641 -0.1055994 0.9477709 0
0.3614035 -0.907086 -0.2158299 0
-0.8825011 -0.4074847 0.2348364 0
0.2593737 1.293685 0.1297563 1

-0.1720881 0.02946257 -0.9846409 0
0.4825043 -0.8689175 -0.1103284 0
0.858822 0.4940797 -0.1353145 0
0.1169254 0.03459418 -0.1514876 1

0.03464112 -0.01869068 -0.9992252 0
0.9990609 0.02669045 0.03413615 0
-0.02603164 0.999469 -0.01959772 0
0.09603425 0.004999638 0.01341403 1

0.9608736 -0.1583837 0.2272367 0
0.2195157 0.9357528 -0.2760066 0
0.1689223 -0.3150894 -0.933908 0
0.1963785 1.439935 -0.0340579 1

-0.578675 0.3138177 -0.752764 0
0.8154823 0.2100473 -0.5393227 0
0.01113316 0.9259583 0.3774619 0
-0.04944802 1.125547 -0.3136572 1

-0.0241629 -0.9135167 -0.4060838 0
-0.1561264 0.4046664 -0.9010384 0
-0.9874417 -0.04162867 0.152402 0
0.3594356 1.04254 0.06999944 1

0.9608736 -0.1583837 0.2272367 0
0.2195157 0.9357528 -0.2760066 0
0.1689223 -0.3150894 -0.933908 0
0.2967893 1.769117 -0.2296214 1

0.1689243 -0.3150898 -0.9339075 0
-0.9608733 0.158383 -0.2272387 0
-0.2195157 -0.9357528 0.2760066 0
0.2063856 1.556434 -0.2191718 1

-0.1689058 0.3150888 0.9339112 0
0.9608765 -0.158389 0.2272211 0
-0.2195161 -0.9357522 0.2760086 0
0.3042037 1.540311 -0.1960388 1

-0.5524527 -0.3514879 -0.7558126 0
0.7889088 0.07225902 -0.6102477 0
-0.2691086 0.9334 -0.2373721 0
0.1780291 1.184139 -0.4641002 1

-0.1692378 -0.9376298 -0.3036608 0
-0.08351065 0.3206394 -0.943513 0
-0.9820309 0.1343191 0.1325664 0
0.3158844 1.155421 -0.1813434 1

-0.8023332 -0.3396304 -0.4908287 0
0.3461669 0.4051281 -0.8461914 0
-0.4862407 0.8488361 0.2074789 0
0.1804092 1.191043 -0.4998786 1

-0.6028175 -0.1943035 -0.773859 0
0.6640887 0.4154275 -0.6216162 0
-0.4422642 0.8886319 0.1213923 0
0.2481009 1.186475 -0.545541 1

-0.6118041 -0.1844212 -0.7692105 0
0.6621519 0.4125746 -0.6255697 0
-0.4327249 0.8920602 0.1302999 0
0.2610447 1.192264 -0.527728 1

-0.555434 -0.3293594 -0.7635547 0
0.6720202 0.3630324 -0.645443 0
-0.4897775 0.871625 -0.01969576 0
0.2717314 1.200652 -0.5088219 1

-0.4813321 -0.4766797 -0.7355925 0
0.7609595 0.1892665 -0.6205796 0
-0.4350406 0.8584608 -0.271634 0
0.2795972 1.209279 -0.4907416 1

0.09458716 -0.7000254 -0.7078264 0
-0.473228 0.5939276 -0.6506199 0
-0.8758473 -0.3965037 0.2750935 0
0.3037628 1.186951 -0.1952148 1

-0.1528329 -0.967525 -0.2013417 0
-0.1921506 0.2289397 -0.9542879 0
-0.969392 0.1071585 0.2208999 0
0.3082181 1.210141 -0.2735122 1

-0.08251629 -0.9913704 -0.1018646 0
-0.1274732 0.1118729 -0.9855129 0
-0.9884037 0.06833597 0.1356045 0
0.3066735 1.188517 -0.2804696 1

-0.3421715 -0.9382786 -0.05052482 0
-0.3130375 0.1645274 -0.9353817 0
-0.8859609 0.3042448 0.3500129 0
0.3025044 1.16608 -0.2850747 1

-0.4370903 -0.8969983 -0.06592865 0
-0.2209068 0.1781214 -0.9588918 0
-0.8718672 0.4045581 0.2760081 0
0.2976838 1.145222 -0.2872798 1

-0.08351064 0.3206395 -0.9435132 0
0.1692378 0.9376297 0.3036609 0
-0.9820309 0.1343191 0.1325664 0
0.2788104 1.215002 -0.305136 1

-0.6965464 -0.2283984 -0.6801894 0
0.5151517 0.5006756 -0.6956601 0
-0.4994415 0.8349602 0.2310839 0
0.196035 1.20933 -0.5380751 1

-0.5752828 -0.1629755 -0.8015544 0
0.4017767 0.7972809 -0.4504653 0
-0.7124784 0.5811907 0.3931821 0
0.284953 1.209528 -0.5800362 1

-0.5752234 -0.126813 -0.8081068 0
0.1954458 0.9379895 -0.2863164 0
-0.7943041 0.3226369 0.5147684 0
0.2994854 1.216216 -0.5640449 1

-0.5204661 -0.2377116 -0.8201271 0
-0.1632308 0.9704541 -0.1776943 0
-0.8381354 -0.04138637 0.5438901 0
0.3081478 1.220325 -0.543798 1

-0.434262 -0.4255026 -0.793955 0
0.1726079 0.825762 -0.5369586 0
-0.8840947 0.3702233 0.2851519 0
0.3076346 1.216252 -0.5136066 1

0.2442637 -0.8820935 -0.4027987 0
-0.4214199 0.2775434 -0.8633515 0
-0.8733503 -0.3806326 0.303938 0
0.2824009 1.213762 -0.2245843 1

-0.1481199 -0.9712758 -0.1862375 0
-0.3846235 0.2300647 -0.8939439 0
-0.9111123 0.06077955 0.4076526 0
0.2975551 1.222845 -0.3264685 1

0.02460214 -0.9989898 -0.03761793 0
-0.9371844 -0.03614511 0.3469571 0
0.3479661 -0.02671901 0.9371266 0
0.2992733 1.195012 -0.3376824 1

-0.2180838 -0.9756945 -0.02146253 0
-0.7023833 0.1416499 0.6975624 0
0.6775674 -0.167202 0.7162029 0
0.2855411 1.174996 -0.3357628 1

-0.3376504 -0.9412166 -0.01019975 0
-0.887037 0.3145518 0.337969 0
0.3148935 -0.1231628 0.9411023 0
0.2895445 1.151784 -0.32261 1

-0.8003411 -0.4801977 -0.3589777 0
0.3601428 0.09363056 -0.9281869 0
-0.4793243 0.8721489 -0.0980033 0
0.2227129 1.235259 -0.5741012 1

-0.5638118 -0.1167823 -0.8176053 0
0.04022926 0.9848945 -0.1684186 0
-0.824923 0.1278478 0.5505971 0
0.2985778 1.236565 -0.5953121 1

-0.582223 -0.05186573 -0.8113732 0
-0.3676809 0.9068788 0.2058688 0
-0.7251394 -0.418188 0.5470757 0
0.3066817 1.250753 -0.574587 1

-0.6142377 -0.07578446 -0.7854738 0
-0.4887184 0.8180431 0.3032493 0
-0.6195697 -0.5701426 0.5395102 0
0.3020627 1.256503 -0.5504224 1

-0.4383821 -0.3734289 -0.8175405 0
-0.2954705 0.918923 -0.2613001 0
-0.8488337 -0.1270098 0.5131765 0
0.3124938 1.239499 -0.5287229 1

0.3123696 -0.9482096 0.05765632 0
-0.0542832 -0.07841091 -0.9954425 0
-0.9484086 -0.3078162 0.07596505 0
0.2605778 1.228134 -0.2692928 1

-0.1185216 -0.9813138 -0.1515803 0
-0.8299865 0.1817038 -0.5273582 0
-0.5450462 -0.06330615 0.8360126 0
0.2845121 1.230647 -0.356783 1

0.07659207 -0.9904767 -0.1144102 0
0.02980256 -0.1124218 0.9932139 0
0.9966173 0.07948199 -0.02090818 0
0.2647663 1.193681 -0.3249075 1

-0.2055704 -0.9711249 -0.121069 0
0.5100213 -0.2118935 0.8336548 0
0.8352363 -0.1096271 -0.5388534 0
0.2593565 1.180276 -0.3097578 1

-0.2845283 -0.953543 -0.09899521 0
0.08689721 -0.1284911 0.9878965 0
0.9547214 -0.2724819 -0.1194195 0
0.2645729 1.16064 -0.3130956 1

-0.8003411 -0.4801977 -0.3589777 0
0.3601428 0.09363056 -0.9281869 0
-0.4793243 0.8721489 -0.0980033 0
0.2339979 1.238192 -0.6031853 1

-0.5638118 -0.1167823 -0.8176053 0
0.04022926 0.9848945 -0.1684186 0
-0.824923 0.1278478 0.5505971 0
0.2996197 1.262076 -0.5996745 1

-0.582223 -0.05186573 -0.8113732 0
-0.3676809 0.9068788 0.2058688 0
-0.7251394 -0.418188 0.5470757 0
0.2993462 1.268846 -0.5704799 1

-0.6142377 -0.07578446 -0.7854738 0
-0.4887184 0.8180431 0.3032493 0
-0.6195697 -0.5701426 0.5395102 0
0.2938499 1.27025 -0.5453264 1

-0.4383821 -0.3734289 -0.8175405 0
-0.2954705 0.918923 -0.2613001 0
-0.8488337 -0.1270098 0.5131765 0
0.3061315 1.259286 -0.5343494 1

0.3123696 -0.9482096 0.05765632 0
-0.0542832 -0.07841091 -0.9954425 0
-0.9484086 -0.3078162 0.07596505 0
0.2588766 1.225677 -0.3004885 1

-0.1185216 -0.9813138 -0.1515803 0
-0.8299865 0.1817038 -0.5273582 0
-0.5450462 -0.06330615 0.8360126 0
0.2630135 1.235354 -0.3704429 1

0.07659207 -0.9904767 -0.1144102 0
0.02980256 -0.1124218 0.9932139 0
0.9966173 0.07948199 -0.02090818 0
0.2653609 1.191438 -0.305092 1

-0.2055704 -0.9711249 -0.121069 0
0.5100213 -0.2118935 0.8336548 0
0.8352363 -0.1096271 -0.5388534 0
0.2679271 1.176716 -0.2957487 1

-0.2845283 -0.953543 -0.09899521 0
0.08689721 -0.1284911 0.9878965 0
0.9547214 -0.2724819 -0.1194195 0
0.2664441 1.157873 -0.2918235 1

0.369662 -0.1710464 0.913287 0
0.1392329 0.9820094 0.1275612 0
0.9186752 -0.08000508 -0.3868268 0
0.01689534 0.8746526 0.01681984 1

0.4200948 -0.12357 0.8990277 0
0.2703744 0.9627366 0.005986985 0
0.8662667 -0.240559 -0.4378508 0
0.04423007 0.9639941 0.0224881 1

-0.1627154 0.08367056 -0.9831191 0
0.8542497 -0.4866621 -0.1828048 0
0.493742 0.8695742 -0.007711833 0
-0.02327458 0.858987 -0.07533967 1

-0.08461273 0.166414 -0.9824191 0
-0.07627587 -0.9841435 -0.1601367 0
0.9934902 -0.06138526 -0.0959644 0
0.04795043 0.8260311 0.1006287 1

0.513548 -0.08760836 0.8535767 0
0.3038692 0.9488757 -0.08543114 0
0.8024537 -0.3032487 -0.5139147 0
0.08817909 1.120486 0.02346128 1

-0.190782 0.02789798 -0.9812361 0
-0.3932238 -0.918063 0.05035271 0
0.8994316 -0.3954518 -0.18612 0
0.3340968 0.6553942 -0.1518152 1

-0.03211176 0.08942544 -0.9954759 0
-0.677317 -0.734367 -0.04412083 0
0.7349901 -0.672836 -0.08415118 0
0.01604079 0.4143194 0.03363626 1

0.6015 -0.07915628 0.7949414 0
0.4615587 0.8466228 -0.2649403 0
0.652044 -0.5262738 -0.545779 0
0.1298114 1.250489 0.01175659 1

-0.05192858 0.03793969 -0.99793 0
0.0741736 -0.9963715 -0.04174018 0
0.9958923 0.07618751 -0.048926 0
0.1809628 0.2978709 -0.1322062 1

-0.09844556 0.01767278 -0.9949855 0
0.5340733 -0.8427144 -0.06781024 0
0.8396868 0.5380709 -0.0735229 0
-0.2477289 0.1283324 0.01645413 1

0.6935917 -0.1030713 0.7129564 0
0.387576 0.8876499 -0.2487224 0
0.6072194 -0.4488365 -0.6556144 0
0.1654727 1.390893 -0.001246115 1

0.674378 -0.6029372 -0.4262409 0
-0.5797562 -0.07487965 -0.811342 0
-0.4572717 -0.7942669 0.4000538 0
0.1151393 1.361561 -0.04337317 1

-0.3034387 0.6115185 0.7307324 0
0.7469023 -0.3235414 0.5809112 0
-0.5916602 -0.7220568 0.3585696 0
0.1890552 1.351835 0.0543124 1

-0.2120201 -0.01871394 -0.9770862 0
0.8454897 -0.5049187 -0.1737941 0
0.4900966 0.8629642 -0.1228753 0
0.1922372 0.1464223 -0.1385507 1

0.03455263 -0.01639177 -0.9992685 0
0.99877 0.03614476 0.03394249 0
-0.03556201 0.9992121 -0.01762053 0
-0.1665498 0.0002400875 0.006146992 1

0.6935917 -0.1030713 0.7129564 0
0.387576 0.8876499 -0.2487224 0
0.6072194 -0.4488365 -0.6556144 0
0.1879219 1.425257 -0.01811759 1

0.7456203 0.2113299 -0.6319734 0
-0.2893391 -0.7516438 -0.5927178 0
0.6002778 -0.624797 0.4992947 0
0.0428669 1.352226 -0.1445151 1

0.3493822 -0.09549945 0.9321008 0
0.3545186 -0.9073633 -0.2258502 0
-0.8673227 -0.409355 0.2831603 0
0.2821637 1.311502 0.1267285 1

-0.2120201 -0.01871394 -0.9770862 0
0.8454897 -0.5049187 -0.1737941 0
0.4900966 0.8629642 -0.1228753 0
0.3486527 0.05301237 -0.1707026 1

0.03455263 -0.01639177 -0.9992685 0
0.99877 0.03614476 0.03394249 0
-0.03556201 0.9992121 -0.01762053 0
0.0182227 0.006926775 0.01242633 1

0.9649262 -0.163224 0.2056099 0
0.2193279 0.9316435 -0.2897167 0
0.1442665 -0.3246512 -0.9347667 0
0.2087412 1.457146 -0.03376126 1

-0.6068722 0.3120264 -0.7309895 0
0.7943894 0.2085817 -0.5704731 0
0.02553156 0.9268945 0.3744528 0
-0.03724243 1.144118 -0.3086209 1

-0.0407189 -0.9145447 -0.4024302 0
-0.206202 0.4017856 -0.8922157 0
-0.9776618 -0.04665193 0.2049412 0
0.3803193 1.060281 0.06419742 1

0.9649262 -0.163224 0.2056099 0
0.2193279 0.9316435 -0.2897167 0
0.1442665 -0.3246512 -0.9347667 0
0.3067155 1.783834 -0.2346703 1

0.1442687 -0.3246516 -0.9347662 0
-0.9649257 0.1632233 -0.205612 0
-0.2193279 -0.9316435 0.2897167 0
0.2151125 1.571906 -0.2201179 1

-0.1442499 0.3246505 0.9347694 0
0.9649285 -0.1632294 0.2055943 0
-0.2193282 -0.9316428 0.2897187 0
0.3133431 1.55529 -0.1991866 1

-0.5531964 -0.350224 -0.755855 0
0.7882722 0.07340355 -0.6109331 0
-0.2694457 0.9337854 -0.2354651 0
0.1843509 1.202302 -0.4677531 1

-0.1688958 -0.9371614 -0.3052911 0
-0.0830512 0.3221708 -0.9430314 0
-0.9821286 0.1339192 0.1322456 0
0.3227996 1.172358 -0.1846845 1

-0.8028051 -0.3388544 -0.4905935 0
0.3452546 0.4066392 -0.8458392 0
-0.4861109 0.8484235 0.2094611 0
0.1866934 1.209268 -0.5035219 1

-0.6035954 -0.1930135 -0.7735751 0
0.6634065 0.4165787 -0.621574 0
-0.4422269 0.888374 0.1233987 0
0.2543384 1.204787 -0.5492619 1

-0.6125782 -0.1831403 -0.7689002 0
0.6614659 0.4137326 -0.6255305 0
-0.4326788 0.8917876 0.1323027 0
0.2673001 1.210546 -0.5314521 1

-0.556188 -0.3280824 -0.7635555 0
0.6713188 0.364226 -0.6455005 0
-0.4898839 0.8716087 -0.01766962 0
0.2780055 1.218902 -0.5125425 1

-0.4820427 -0.4754438 -0.7359267 0
0.7603009 0.1904261 -0.6210321 0
-0.4354053 0.8588896 -0.2696867 0
0.285889 1.227498 -0.4944552 1

0.09510735 -0.6988459 -0.7089211 0
-0.4729805 0.5949058 -0.6499051 0
-0.8759245 -0.3971164 0.2739606 0
0.3106799 1.203909 -0.1985107 1

-0.1525415 -0.9672214 -0.2030122 0
-0.1916681 0.2304688 -0.9540166 0
-0.9695331 0.1066163 0.2205416 0
0.3151739 1.227228 -0.2767675 1

-0.08227552 -0.991217 -0.1035356 0
-0.1269517 0.1134654 -0.9853979 0
-0.9884907 0.06793004 0.135172 0
0.3136372 1.205615 -0.2837612 1

-0.3419686 -0.9382575 -0.05225191 0
-0.3125533 0.1660032 -0.9352826 0
-0.8862098 0.3035058 0.3500233 0
0.3094747 1.183185 -0.2884054 1

-0.4368866 -0.89697 -0.0676403 0
-0.2204122 0.1796528 -0.9587196 0
-0.8720942 0.4039431 0.2761911 0
0.3046592 1.162329 -0.2906473 1

-0.08305112 0.3221709 -0.9430314 0
0.1688958 0.9371615 0.3052911 0
-0.9821286 0.1339192 0.1322456 0
0.2857826 1.232135 -0.3083994 1

-0.6972244 -0.2272812 -0.6798686 0
0.514385 0.5019408 -0.6953156 0
-0.4992861 0.8345051 0.2330555 0
0.2022779 1.227624 -0.5417025 1

-0.5760924 -0.1616343 -0.8012441 0
0.4012334 0.7981064 -0.4494868 0
-0.7121305 0.5804316 0.3949298 0
0.2911527 1.227904 -0.5837548 1

-0.5760434 -0.1254606 -0.8077336 0
0.1950575 0.9385073 -0.28488 0
-0.7938051 0.3216579 0.5161489 0
0.3057009 1.234565 -0.5677668 1

-0.5212875 -0.2363324 -0.8200039 0
-0.1635101 0.970746 -0.175832 0
-0.8375704 -0.04242006 0.5446805 0
0.3143837 1.23864 -0.5475218 1

-0.4350379 -0.4241602 -0.7942483 0
0.1719726 0.8267152 -0.5356938 0
-0.8838371 0.3696357 0.2867086 0
0.3139021 1.234514 -0.517337 1

0.2446497 -0.8813862 -0.4041099 0
-0.4209964 0.2788806 -0.8631268 0
-0.8734463 -0.3812924 0.3028323 0
0.2893291 1.230764 -0.227848 1

-0.1478362 -0.9709963 -0.1879116 0
-0.3841743 0.231459 -0.8937767 0
-0.9113476 0.05994183 0.4072498 0
0.3045376 1.240017 -0.3297087 1

0.02480913 -0.9989217 -0.03924261 0
-0.9373684 -0.036888 0.3463812 0
0.3474554 -0.02819136 0.9372728 0
0.3062671 1.212202 -0.3409673 1

-0.21789 -0.9756981 -0.02318267 0
-0.7027933 0.1403753 0.6974068 0
0.6772043 -0.1682506 0.7163005 0
0.2925376 1.192181 -0.339088 1

-0.3374692 -0.941261 -0.01192916 0
-0.8872813 0.3138324 0.3379957 0
0.3143984 -0.1246477 0.941072 0
0.2965382 1.168949 -0.3259712 1

-0.800663 -0.4796512 -0.35899 0
0.3591767 0.09528676 -0.9283924 0
-0.4795115 0.8722702 -0.09598681 0
0.2289164 1.253618 -0.5777106 1

-0.5646426 -0.1154121 -0.8172264 0
0.03995789 0.985191 -0.1667407 0
-0.8243678 0.1268035 0.551669 0
0.3047591 1.254969 -0.5989974 1

-0.5830538 -0.05050839 -0.8108619 0
-0.3675585 0.9064808 0.2078301 0
-0.7245339 -0.4192154 0.5470918 0
0.3128829 1.269121 -0.578256 1

-0.6150393 -0.07447547 -0.7849714 0
-0.4884869 0.8174633 0.3051801 0
-0.618957 -0.5711459 0.5391524 0
0.3082883 1.274828 -0.5540766 1

-0.4391873 -0.3720458 -0.8177385 0
-0.2958307 0.9193479 -0.2593911 0
-0.8482919 -0.127991 0.5138285 0
0.3187435 1.257788 -0.5324177 1

0.3125146 -0.9482448 0.05627322 0
-0.05372065 -0.07678825 -0.995599 0
-0.9483927 -0.3081161 0.07493784 0
0.2675279 1.245205 -0.2725448 1

-0.1182552 -0.9810855 -0.1532545 0
-0.8297298 0.1824144 -0.5275162 0
-0.5454943 -0.06477822 0.8356073 0
0.2915099 1.247866 -0.3600176 1

0.07683959 -0.9902735 -0.1159922 0
0.02927694 -0.114045 0.9930443 0
0.9966136 0.07970105 -0.02022904 0
0.2717534 1.210844 -0.3282137 1

-0.2053227 -0.9709629 -0.1227745 0
0.509602 -0.2131658 0.8335866 0
0.8355531 -0.1085882 -0.5385723 0
0.2663377 1.197414 -0.3130889 1

-0.2842959 -0.953432 -0.1007155 0
0.08637762 -0.130095 0.9877319 0
0.9548376 -0.2721085 -0.1193405 0
0.2715598 1.177783 -0.3164561 1

-0.800663 -0.4796512 -0.35899 0
0.3591767 0.09528676 -0.9283924 0
-0.4795115 0.8722702 -0.09598681 0
0.240171 1.256603 -0.6068014 1

-0.5646426 -0.1154121 -0.8172264 0
0.03995789 0.985191 -0.1667407 0
-0.8243678 0.1268035 0.551669 0
0.305794 1.280488 -0.6033165 1

-0.5830538 -0.05050839 -0.8108619 0
-0.3675585 0.9064808 0.2078301 0
-0.7245339 -0.4192154 0.5470918 0
0.3055499 1.287206 -0.5741097 1

-0.6150393 -0.07447547 -0.7849714 0
-0.4884869 0.8174633 0.3051801 0
-0.618957 -0.5711459 0.5391524 0
0.3000794 1.288565 -0.5489483 1

-0.4391873 -0.3720458 -0.8177385 0
-0.2958307 0.9193479 -0.2593911 0
-0.8482919 -0.127991 0.5138285 0
0.3123733 1.277584 -0.5380031 1

0.3125146 -0.9482448 0.05627322 0
-0.05372065 -0.07678825 -0.995599 0
-0.9483927 -0.3081161 0.07493784 0
0.2658444 1.242799 -0.3037454 1

-0.1182552 -0.9810855 -0.1532545 0
-0.8297298 0.1824144 -0.5275162 0
-0.5454943 -0.06477822 0.8356073 0
0.2700179 1.252591 -0.3736816 1

0.07683959 -0.9902735 -0.1159922 0
0.02927694 -0.114045 0.9930443 0
0.9966136 0.07970105 -0.02022904 0
0.2723376 1.208569 -0.3084015 1

-0.2053227 -0.9709629 -0.1227745 0
0.509602 -0.2131658 0.8335866 0
0.8355531 -0.1085882 -0.5385723 0
0.2749014 1.193832 -0.2990808 1

-0.2842959 -0.953432 -0.1007155 0
0.08637762 -0.130095 0.9877319 0
0.9548376 -0.2721085 -0.1193405 0
0.2734197 1.174982 -0.2951875 1

0.3977571 -0.1912653 0.8973332 0
0.1656748 0.9769253 0.1347923 0
0.9024085 -0.09505091 -0.4202667 0
0.01847892 0.887655 0.02505894 1

0.4515795 -0.1362213 0.8817708 0
0.2893565 0.9572214 -0.0003101714 0
0.8440076 -0.2552862 -0.4716781 0
0.04799671 0.9762902 0.03086698 1

-0.1825291 0.05154386 -0.9818485 0
0.8360834 -0.5173259 -0.1825888 0
0.5173468 0.854235 -0.05133205 0
-0.02526314 0.8741037 -0.06580029 1

-0.1262463 0.1999131 -0.9716464 0
-0.1756143 -0.9685167 -0.1764516 0
0.9763306 -0.1483587 -0.1573792 0
0.05137513 0.8372521 0.1070941 1

0.5515301 -0.09220514 0.8290433 0
0.308704 0.9458688 -0.1001704 0
0.7749299 -0.3111759 -0.5501391 0
0.09503122 1.131885 0.03081656 1

-0.2058826 -0.00360781 -0.9785701 0
-0.1616119 -0.9861365 0.03763741 0
0.9651393 -0.1658976 -0.2024452 0
0.3245084 0.6576828 -0.1421854 1

-0.04582399 0.1063409 -0.9932733 0
-0.6785608 -0.7330281 -0.04717383 0
0.7331136 -0.6718345 -0.105749 0
-0.02209229 0.4320777 0.03327646 1

0.6448314 -0.07497254 0.7606389 0
0.4453821 0.8456163 -0.2942242 0
0.6211498 -0.5285001 -0.5786713 0
0.1373259 1.261476 0.01709248 1

-0.1028271 0.0427582 -0.9937798 0
0.478444 -0.8737876 -0.08710033 0
0.8720766 0.4844244 -0.06939159 0
0.2615715 0.2736495 -0.1275282 1

-0.09060583 0.01605068 -0.9957575 0
0.2794804 -0.9592802 -0.04089314 0
0.9558667 0.2819998 -0.08243048 0
-0.2863463 0.1466125 0.01490542 1

0.7337651 -0.0915087 0.6732124 0
0.3685183 0.886063 -0.2812238 0
0.5707742 -0.4544433 -0.6838846 0
0.1720876 1.401838 0.00145812 1

0.6473669 -0.6061786 -0.4620215 0
-0.6255585 -0.07627094 -0.7764402 0
-0.4354226 -0.7916631 0.4285754 0
0.1195155 1.372273 -0.03766512 1

-0.2556013 0.616845 0.7444262 0
0.7804404 -0.3228077 0.5354512 0
-0.5705968 -0.7178424 0.3989007 0
0.198756 1.363061 0.05580515 1

-0.2261644 -0.08756107 -0.9701458 0
0.9701109 -0.1101665 -0.2162132 0
0.08794568 0.9900488 -0.1098597 0
0.334295 0.1408336 -0.1407675 1

0.04777983 0.01258627 -0.9987786 0
0.9971447 0.05793669 0.04843187 0
-0.05847538 0.9982409 0.009782121 0
-0.2438653 0.0008019209 0.008689657 1

0.7337651 -0.0915087 0.6732124 0
0.3685183 0.886063 -0.2812238 0
0.5707742 -0.4544433 -0.6838846 0
0.1933718 1.436081 -0.01708596 1

0.7450374 0.2418163 -0.6216465 0
-0.2695541 -0.7433311 -0.6122087 0
0.6101311 -0.6236858 0.4886269 0
0.04153333 1.362765 -0.1344562 1

0.388862 -0.07900266 0.9179025 0
0.3487325 -0.9095601 -0.2260224 0
-0.8527437 -0.407994 0.3261425 0
0.2960454 1.32282 0.1225543 1

-0.2261644 -0.08756107 -0.9701458 0
0.9701109 -0.1101665 -0.2162132 0
0.08794568 0.9900488 -0.1098597 0
0.5137656 0.1204528 -0.1807669 1

0.04777983 0.01258627 -0.9987786 0
0.9971447 0.05793669 0.04843187 0
-0.05847538 0.9982409 0.009782121 0
-0.05939348 0.01152009 0.01764953 1

0.9683603 -0.1699103 0.1827807 0
0.2199887 0.9270049 -0.3037554 0
0.1178273 -0.3343543 -0.935053 0
0.2131108 1.467858 -0.03428104 1

-0.62477 0.3103727 -0.7164715 0
0.7796172 0.1972899 -0.5943685 0
0.04312305 0.9299172 0.3652326 0
-0.03309812 1.156959 -0.3039584 1

-0.0546433 -0.9172267 -0.3946002 0
-0.2486762 0.3952399 -0.8842771 0
-0.9670441 -0.04980782 0.2496895 0
0.3925989 1.070991 0.05997545 1

0.9683603 -0.1699103 0.1827807 0
0.2199887 0.9270049 -0.3037554 0
0.1178273 -0.3343543 -0.935053 0
0.3088037 1.791834 -0.240607 1

0.1178294 -0.3343546 -0.9350525 0
-0.9683599 0.1699096 -0.1827827 0
-0.2199887 -0.9270049 0.3037554 0
0.2157696 1.580868 -0.2217937 1

-0.1178108 0.3343535 0.9350554 0
0.9683623 -0.1699159 0.1827651 0
-0.2199889 -0.927004 0.3037573 0
0.3143498 1.563571 -0.2031864 1

-0.5534279 -0.350703 -0.7554635 0
0.7876791 0.07441835 -0.6115748 0
-0.2707014 0.9335253 -0.2350563 0
0.1843745 1.211993 -0.4697562 1

-0.1689482 -0.9374024 -0.3045212 0
-0.08176267 0.3212272 -0.9434661 0
-0.9822278 0.1344986 0.1309151 0
0.3232313 1.181242 -0.1866919 1

-0.8028282 -0.339669 -0.4899919 0
0.344088 0.4071972 -0.8460462 0
-0.486899 0.8478299 0.2100334 0
0.1866794 1.218969 -0.5055255 1

-0.6040201 -0.1935464 -0.7731104 0
0.6624151 0.4174536 -0.6220441 0
-0.4431321 0.8878471 0.1239423 0
0.2542912 1.214573 -0.5513228 1

-0.6130102 -0.1836843 -0.7684261 0
0.6604747 0.4146061 -0.6259996 0
-0.4335803 0.8912699 0.132839 0
0.2672612 1.220344 -0.5335227 1

-0.556451 -0.3285634 -0.7631569 0
0.6703671 0.3651149 -0.6459874 0
-0.4908875 0.8710555 -0.01708958 0
0.2779729 1.228708 -0.5146204 1

-0.4821155 -0.4758459 -0.735619 0
0.7595665 0.1914111 -0.6216274 0
-0.4366045 0.8584478 -0.2691544 0
0.2858617 1.237309 -0.4965379 1

0.09565142 -0.6996256 -0.7080783 0
-0.4719239 0.5944422 -0.6510963 0
-0.8764351 -0.3964373 0.2733107 0
0.3111425 1.212784 -0.2005657 1

-0.1527317 -0.9673635 -0.2021914 0
-0.1904075 0.2295626 -0.9544874 0
-0.9697517 0.1072817 0.2192546 0
0.3157419 1.236019 -0.2788411 1

-0.08259702 -0.991287 -0.1026048 0
-0.1257058 0.1124976 -0.9856685 0
-0.9886233 0.06851527 0.1339024 0
0.3142039 1.2144 -0.2858142 1

-0.3423283 -0.9381577 -0.05169114 0
-0.3113444 0.1651709 -0.9358331 0
-0.8864964 0.3042683 0.3486326 0
0.3100371 1.191967 -0.2904402 1

-0.4372088 -0.896843 -0.06723766 0
-0.2191688 0.1787548 -0.9591725 0
-0.8722462 0.4046223 0.2747131 0
0.3052148 1.171111 -0.2926662 1

-0.08176258 0.3212273 -0.9434662 0
0.1689483 0.9374025 0.3045214 0
-0.9822278 0.1344986 0.1309151 0
0.2863914 1.240907 -0.3105138 1

-0.6975322 -0.2279388 -0.6793328 0
0.5132354 0.502661 -0.6956446 0
-0.5000387 0.8338919 0.2336359 0
0.2022113 1.237349 -0.5437155 1

-0.5765756 -0.1621306 -0.800796 0
0.3999527 0.7986497 -0.4496632 0
-0.7124596 0.5795452 0.3956374 0
0.2910506 1.237739 -0.5858418 1

-0.5765733 -0.1259556 -0.8072785 0
0.1937548 0.9387842 -0.2848569 0
-0.7937397 0.320655 0.5168734 0
0.3056046 1.244413 -0.5698646 1

-0.5217016 -0.2367627 -0.8196162 0
-0.1647584 0.9705943 -0.1755041 0
-0.8370675 -0.04347789 0.5453693 0
0.3142996 1.248494 -0.549626 1

-0.4352176 -0.4244975 -0.7939696 0
0.1705877 0.8270151 -0.5356737 0
-0.8840169 0.3685759 0.2875174 0
0.3138478 1.244362 -0.5194417 1

0.2447418 -0.881916 -0.4028966 0
-0.419824 0.2781722 -0.8639262 0
-0.8739848 -0.3805844 0.302169 0
0.2898394 1.239618 -0.2299566 1

-0.1480463 -0.9711245 -0.1870813 0
-0.3829861 0.2307021 -0.8944823 0
-0.9118136 0.06077528 0.4060817 0
0.3051757 1.248758 -0.3318086 1

0.024406 -0.9989733 -0.03817399 0
-0.937804 -0.03610597 0.3452823 0
0.3463061 -0.02737279 0.9377221 0
0.3069063 1.220931 -0.3430361 1

-0.2183018 -0.9756234 -0.02243265 0
-0.703575 0.1414167 0.6964076 0
0.6762593 -0.1678102 0.7172958 0
0.2931654 1.200918 -0.3411526 1

-0.337879 -0.941121 -0.01135993 0
-0.8875488 0.3145828 0.3365931 0
0.3132011 -0.1238103 0.9415818 0
0.2971396 1.177697 -0.3280067 1

-0.8004168 -0.4804892 -0.358418 0
0.3582949 0.09587686 -0.9286724 0
-0.4805811 0.8717442 -0.0954152 0
0.2287901 1.26338 -0.5797408 1

-0.5651918 -0.1158923 -0.8167786 0
0.03870077 0.9852684 -0.1665793 0
-0.8240514 0.1257591 0.5523804 0
0.3046135 1.264822 -0.6010904 1

-0.5836712 -0.05101079 -0.8103861 0
-0.3684139 0.9060223 0.2083151 0
-0.7236015 -0.4201451 0.5476122 0
0.3127386 1.27898 -0.580353 1

-0.6156081 -0.07501929 -0.7844738 0
-0.4891599 0.8168482 0.3057481 0
-0.6178589 -0.571954 0.5395548 0
0.3081576 1.284677 -0.5561687 1

-0.4394458 -0.3723833 -0.8174463 0
-0.2970901 0.9190624 -0.2589632 0
-0.8477176 -0.1290548 0.5145095 0
0.3186501 1.267644 -0.5345218 1

0.3120184 -0.9483261 0.05763781 0
-0.05254847 -0.07779951 -0.9955833 0
-0.9486216 -0.3076114 0.0741078 0
0.2680989 1.254023 -0.2746949 1

-0.1185119 -0.9811911 -0.1523778 0
-0.8290074 0.1822388 -0.5287113 0
-0.546536 -0.06366378 0.835012 0
0.2921882 1.256582 -0.3621413 1

0.07653352 -0.990428 -0.1148694 0
0.02802163 -0.1130253 0.993197 0
0.9966732 0.07923172 -0.01910311 0
0.2723765 1.219602 -0.3303228 1

-0.2056118 -0.9709978 -0.1220139 0
0.5084947 -0.2125279 0.8344252 0
0.8361562 -0.109524 -0.5374454 0
0.2669363 1.20619 -0.3151907 1

-0.2846037 -0.9534081 -0.1000691 0
0.08512145 -0.1291064 0.9879707 0
0.9548587 -0.272662 -0.1178995 0
0.2721537 1.186553 -0.3185311 1

-0.8004168 -0.4804892 -0.358418 0
0.3582949 0.09587686 -0.9286724 0
-0.4805811 0.8717442 -0.0954152 0
0.2400171 1.266385 -0.6088403 1

-0.5651918 -0.1158923 -0.8167786 0
0.03870077 0.9852684 -0.1665793 0
-0.8240514 0.1257591 0.5523804 0
0.305616 1.290343 -0.6054053 1

-0.5836712 -0.05101079 -0.8103861 0
-0.3684139 0.9060223 0.2083151 0
-0.7236015 -0.4201451 0.5476122 0
0.3053886 1.297055 -0.576197 1

-0.6156081 -0.07501929 -0.7844738 0
-0.4891599 0.8168482 0.3057481 0
-0.6178589 -0.571954 0.5395548 0
0.2999374 1.298403 -0.5510306 1

-0.4394458 -0.3723833 -0.8174463 0
-0.2970901 0.9190624 -0.2589632 0
-0.8477176 -0.1290548 0.5145095 0
0.3122529 1.287433 -0.540098 1

0.3120184 -0.9483261 0.05763781 0
-0.05254847 -0.07779951 -0.9955833 0
-0.9486216 -0.3076114 0.0741078 0
0.2664522 1.251585 -0.305895 1

-0.1185119 -0.9811911 -0.1523778 0
-0.8290074 0.1822388 -0.5287113 0
-0.546536 -0.06366378 0.835012 0
0.2707149 1.261302 -0.3758361 1

0.07653352 -0.990428 -0.1148694 0
0.02802163 -0.1130253 0.993197 0
0.9966732 0.07923172 -0.01910311 0
0.2729355 1.217347 -0.3105077 1

-0.2056118 -0.9709978 -0.1220139 0
0.5084947 -0.2125279 0.8344252 0
0.8361562 -0.109524 -0.5374454 0
0.2754814 1.202618 -0.3011686 1

-0.2846037 -0.9534081 -0.1000691 0
0.08512145 -0.1291064 0.9879707 0
0.9548587 -0.272662 -0.1178995 0
0.2739865 1.183773 -0.2972574 1

0.4206871 -0.2025157 0.8843132 0
0.1877971 0.973092 0.1335077 0
0.8875554 -0.1099065 -0.4473991 0
0.01972671 0.8951771 0.03146071 1

0.4751069 -0.149329 0.8671646 0
0.30458 0.9524825 -0.002853863 0
0.8255329 -0.2654769 -0.4980136 0
0.05105132 0.9832243 0.03672231 1

-0.1951696 0.01932654 -0.9805793 0
0.8121113 -0.5573835 -0.1726242 0
0.5498946 0.8300303 -0.09308887 0
-0.0269485 0.8828351 -0.05810216 1

-0.0647077 0.1707183 -0.9831929 0
-0.120891 -0.9793423 -0.1620934 0
0.9905546 -0.1083705 -0.08400923 0
0.05410785 0.8438159 0.1122836 1

0.5812399 -0.09659858 0.8079783 0
0.312247 0.9433954 -0.1118344 0
0.75144 -0.3172914 -0.5785016 0
0.1005604 1.138049 0.03625842 1

-0.2142642 -0.03292559 -0.9762208 0
0.06044932 -0.9979631 0.02039127 0
0.9749035 0.05464257 -0.2158179 0
0.3127945 0.6496563 -0.1303187 1

-0.02805215 0.09435932 -0.9951429 0
-0.7456911 -0.6649649 -0.04203157 0
0.6657011 -0.7408903 -0.08901656 0
0.003533689 0.4341127 0.04447264 1

0.6793542 -0.06943861 0.7305177 0
0.4305117 0.8439003 -0.3201437 0
0.5942538 -0.5319875 -0.6032013 0
0.1433405 1.267301 0.02093629 1

-0.1433966 0.02894162 -0.9892423 0
0.7142583 -0.6888661 -0.1236897 0
0.6850348 0.7243111 -0.07810912 0
0.3363354 0.2610173 -0.1223777 1

-0.02195647 0.1380619 -0.9901803 0
-0.2733108 -0.95352 -0.1268899 0
0.9616752 -0.267841 -0.05866969 0
-0.2868631 0.1751533 0.02810415 1

0.7655572 -0.08006346 0.6383667 0
0.3514359 0.883155 -0.3106928 0
0.5389014 -0.4621981 -0.7042428 0
0.1772096 1.407577 0.002773035 1

0.6229307 -0.6113881 -0.4880182 0
-0.6603285 -0.07647096 -0.7470734 0
-0.4194325 -0.7876273 0.451353 0
0.1229142 1.377715 -0.03368055 1

-0.214 0.6242448 0.751347 0
0.8064497 -0.3211314 0.4965013 0
-0.5512196 -0.7121748 0.4347 0
0.2063971 1.369184 0.05608826 1

-0.2196356 -0.1425182 -0.9651163 0
0.9514123 0.18755 -0.2442124 0
-0.2158125 0.9718611 -0.09440079 0
0.4449026 0.1563095 -0.1411785 1

0.08489418 -0.0147007 -0.9962816 0
0.9830756 -0.1616783 0.08615455 0
0.1623435 0.9867343 -0.0007263273 0
-0.3284064 0.0302183 0.008816868 1

0.7655572 -0.08006346 0.6383667 0
0.3514359 0.883155 -0.3106928 0
0.5389014 -0.4621981 -0.7042428 0
0.1974571 1.441622 -0.0172387 1

0.7506394 0.258155 -0.608191 0
-0.2535661 -0.7374627 -0.6259815 0
0.6101185 -0.6241031 0.4881092 0
0.04059771 1.368183 -0.1268107 1

0.4172795 -0.05702144 0.9069875 0
0.3441136 -0.9138 -0.2157668 0
-0.8411086 -0.4021419 0.3616882 0
0.3069288 1.329152 0.1179819 1

-0.2196356 -0.1425182 -0.9651163 0
0.9514123 0.18755 -0.2442124 0
-0.2158125 0.9718611 -0.09440079 0
0.6209139 0.1910064 -0.1863578 1

0.08489418 -0.0147007 -0.9962816 0
0.9830756 -0.1616783 0.08615455 0
0.1623435 0.9867343 -0.0007263273 0
-0.1465373 0.0003077984 0.02475546 1

