MeshAnim
1
32
69
60
0.8780733 -0.01472853 0.4782994 0
-0.07899928 0.9813497 0.175248 0
0.4719601 0.1916659 -0.8605335 0
-0.0007327348 0.8963801 -0.001246089 1

0.7945423 -0.04849801 0.605269 0
0.1123183 0.9913423 -0.06800861 0
0.5967304 -0.1220185 -0.7931105 0
-0.0005781786 0.9899454 0.001351008 1

-0.9895457 0.02835333 -0.1414057 0
0.07343888 -0.744781 -0.6632556 0
0.1241218 0.6667063 -0.7349125 0
-0.08273856 0.8656768 -0.05306073 1

-0.8855878 0.1849627 -0.4260557 0
0.02035086 -0.900957 -0.4334313 0
0.4640263 0.392512 -0.7941121 0
0.08644485 0.8628395 0.03909606 1

0.7575734 -0.03831173 0.6516248 0
0.06382722 0.9978401 -0.01553778 0
0.6496221 -0.0533624 -0.7583823 0
0.01767902 1.151087 -0.009703705 1

-0.9842663 0.05832057 -0.1667893 0
-0.1370806 -0.8476408 0.5125565 0
0.1114848 -0.5273557 -0.8422988 0
-0.05201574 0.5541011 -0.3305306 1

-0.839915 0.03460047 -0.5416139 0
-0.2399709 -0.9187863 0.3134422 0
0.4867822 -0.3932365 -0.7800055 0
0.09495854 0.4859285 -0.1422279 1

0.7177416 -0.02784864 0.6957524 0
0.1326206 0.9863764 -0.09733069 0
0.6835632 -0.1621294 -0.7116568 0
0.02642381 1.287798 -0.01183248 1

-0.9875172 0.1145778 -0.1080832 0
-0.08966884 -0.9730852 -0.2122852 0
0.1294973 0.1999435 -0.9712122 0
-0.1053993 0.2240024 -0.1309246 1

-0.8568241 -0.05687138 -0.5124632 0
0.3301736 -0.82391 -0.4606062 0
0.3960281 0.5638602 -0.724723 0
0.001505939 0.1281227 -0.02016313 1

0.7537526 -0.07915494 0.6523738 0
0.1667948 0.983255 -0.07341275 0
0.6356387 -0.1641476 -0.7543334 0
0.01506452 1.431741 0.005647372 1

0.580634 0.477061 -0.6597551 0
-0.7311058 -0.05106247 -0.6803506 0
0.3582575 -0.8773856 -0.3191335 0
-0.03009501 1.396142 -0.0375013 1

-0.7722176 -0.5180424 0.3678482 0
0.4839931 -0.1045476 0.8688041 0
0.4116197 -0.8489418 -0.3314623 0
0.0581046 1.392721 0.04799576 1

-0.9964419 0.03740692 0.07552862 0
-0.08423159 -0.4102477 -0.908076 0
0.002982795 0.9112066 -0.4119388 0
-0.119029 0.07609344 -0.163192 1

-0.7900709 -0.06529789 -0.6095282 0
0.6028528 0.09754112 -0.7918677 0
-0.1111613 0.9930872 0.03769942 0
0.05169234 0.002888441 -0.09017528 1

0.7537526 -0.07915494 0.6523738 0
0.1667948 0.983255 -0.07341275 0
0.6356387 -0.1641476 -0.7543334 0
0.02819518 1.472893 -0.004530645 1

0.4935481 0.7800658 -0.3845874 0
0.1278143 -0.5024518 -0.8551056 0
0.8602755 -0.3728801 0.3476878 0
-0.1212347 1.389776 -0.1223138 1

0.4910119 -0.341309 0.8015084 0
0.6196747 -0.5098301 -0.5967215 0
-0.6122996 -0.7896718 0.03883208 0
0.118439 1.379688 0.1563005 1

-0.9964419 0.03740692 0.07552862 0
-0.08423159 -0.4102477 -0.908076 0
0.002982795 0.9112066 -0.4119388 0
-0.1346119 0.000197649 -0.3311861 1

-0.7900709 -0.06529789 -0.6095282 0
0.6028528 0.09754112 -0.7918677 0
-0.1111613 0.9930872 0.03769942 0
0.1632201 0.02093351 -0.2366708 1

0.8533159 -0.3833125 0.3534453 0
0.4884946 0.8247323 -0.2849382 0
0.1822774 -0.4157984 -0.8910031 0
0.04036844 1.511076 -0.0139628 1

0.09806603 0.7902589 0.6048754 0
0.5003092 0.4862631 -0.7164071 0
0.8602755 -0.37288 0.3476878 0
-0.08584668 1.250662 -0.3590669 1

0.6233488 -0.5123819 -0.5906784 0
-0.4863389 0.3374664 -0.8059722 0
-0.6122997 -0.7896717 0.03883196 0
0.2900083 1.238531 -0.008913698 1

0.8533159 -0.3833125 0.3534453 0
0.4884946 0.8247323 -0.2849382 0
0.1822774 -0.4157984 -0.8910031 0
0.2453716 1.787986 -0.2088547 1

0.1822792 -0.4157992 -0.8910024 0
-0.8533155 0.3833115 -0.3534472 0
-0.4884946 -0.8247323 0.2849382 0
0.1013478 1.607121 -0.2010355 1

-0.182262 0.4157939 0.8910084 0
0.8533189 -0.3833194 0.3534303 0
-0.488495 -0.8247314 0.2849401 0
0.1882164 1.568099 -0.1650544 1

-0.7644372 0.02589426 -0.6441782 0
0.640996 -0.07640114 -0.7637321 0
0.06899206 0.9967411 -0.04180555 0
0.05371346 1.386304 -0.5589072 1

-0.1404803 -0.9840363 -0.1092623 0
-0.03150237 0.1147434 -0.9928957 0
-0.9895823 0.1360403 0.04711837 0
0.1543451 1.332667 -0.2337382 1

-0.9261954 0.1803378 -0.3311196 0
0.3758225 0.3709351 -0.8492142 0
0.03032146 0.9109806 0.4113334 0
0.05240686 1.399307 -0.5930045 1

-0.7149857 0.01658037 -0.6989424 0
0.5961105 0.5368171 -0.5970591 0
-0.3653049 0.843536 0.3937004 0
0.104462 1.381487 -0.6535088 1

-0.6953346 0.02562577 -0.7182293 0
0.4931229 0.744014 -0.4508581 0
-0.5228189 0.6676727 0.5299753 0
0.1214624 1.378619 -0.6386387 1

-0.6935924 0.01728001 -0.7201605 0
0.404973 0.8361337 -0.3699702 0
-0.5957571 0.5482541 0.5869337 0
0.137582 1.378675 -0.6218413 1

-0.7080893 -0.09564877 -0.699615 0
0.1926444 0.9270308 -0.321718 0
-0.6793364 0.3625821 0.6379942 0
0.1510861 1.380089 -0.6051434 1

-0.08671099 -0.8485702 -0.521929 0
-0.6138608 0.4581379 -0.6428723 0
-0.7846377 -0.2646478 0.5606295 0
0.1427046 1.360319 -0.2545564 1

-0.1571465 -0.9787453 -0.1317674 0
-0.2428268 0.167623 -0.9554778 0
-0.9572567 0.1181533 0.2640069 0
0.1514941 1.366764 -0.3356077 1

-0.07584684 -0.9969584 0.01792711 0
-0.8093988 0.05105771 -0.5850362 0
-0.5823411 0.05888332 0.8108092 0
0.1506057 1.344135 -0.3379528 1

-0.1955571 -0.9790458 -0.05680595 0
-0.8458396 0.1976971 -0.4954508 0
-0.4962993 0.04884019 0.8667767 0
0.1469685 1.32114 -0.3379759 1

-0.2079347 -0.9773259 -0.03997017 0
-0.9031093 0.2075195 -0.3759387 0
-0.3757089 0.04207327 0.9257822 0
0.1425219 1.300173 -0.3360228 1

-0.03150234 0.1147435 -0.9928958 0
0.1404803 0.9840365 0.1092625 0
-0.9895823 0.1360403 0.04711837 0
0.1239437 1.364234 -0.3691201 1

-0.818872 0.512727 -0.2579922 0
0.4872235 0.3833234 -0.7846502 0
0.3034168 0.7682284 0.5637054 0
0.06937127 1.416051 -0.6313376 1

-0.6773773 0.106641 -0.7278653 0
0.04293176 0.9934815 0.1056031 0
-0.7343819 -0.04028453 0.6775396 0
0.1375419 1.411277 -0.6866415 1

-0.6765726 0.1322302 -0.7244067 0
-0.2015025 0.9129534 0.3548436 0
-0.70827 -0.3860469 0.5910341 0
0.1500902 1.421812 -0.6648129 1

-0.6913719 0.1344791 -0.7098734 0
-0.3744758 0.7735528 0.5112583 0
-0.6178777 -0.6193001 0.4844531 0
0.1595273 1.423985 -0.6418898 1

-0.7254621 0.01321213 -0.6881354 0
-0.458174 0.7368146 0.4971735 0
-0.5135965 -0.6759663 0.5284772 0
0.158184 1.414245 -0.6169969 1

0.4760526 -0.8200136 -0.3177293 0
-0.4373081 0.09272236 -0.8945193 0
-0.7629783 -0.5647837 0.3144575 0
0.1149944 1.381 -0.2835763 1

-0.1339269 -0.986607 -0.09311517 0
-0.7300333 0.1617653 -0.6639907 0
-0.6701605 0.02094914 0.7419205 0
0.1380189 1.376066 -0.3886299 1

0.04803274 -0.9985145 -0.02573208 0
-0.2647225 -0.03756646 0.9635929 0
0.9631279 0.03947202 0.2661339 0
0.103617 1.347099 -0.3719165 1

-0.08244469 -0.9918061 -0.0975887 0
-0.3609394 -0.0615585 0.9305553 0
0.928938 -0.1119431 0.3529069 0
0.1011328 1.331853 -0.3648242 1

-0.1046306 -0.991622 -0.07575233 0
-0.5043015 -0.01274847 0.8634338 0
0.8571655 -0.1285437 0.4987426 0
0.109247 1.307819 -0.3498741 1

-0.879247 0.4650233 -0.1033366 0
0.3171046 0.4094749 -0.8554384 0
0.355485 0.7849103 0.5074905 0
0.09460297 1.435902 -0.671972 1

-0.6815041 0.1475777 -0.7167798 0
-0.2328585 0.8848196 0.4035738 0
-0.6937788 -0.4419453 0.5686431 0
0.1389976 1.444967 -0.6830603 1

-0.6859236 0.1585619 -0.710188 0
-0.3875911 0.7463911 0.5409935 0
-0.6158587 -0.6463427 0.4505097 0
0.1426709 1.455427 -0.6517476 1

-0.7131493 0.1618849 -0.6820642 0
-0.5750423 0.4213771 0.7012617 0
-0.4009296 -0.8923202 0.2074139 0
0.145567 1.452822 -0.6228303 1

-0.7386798 0.0293779 -0.6734161 0
-0.5504354 0.5503641 0.6277902 0
-0.389067 -0.8344081 0.3903719 0
0.1452856 1.434988 -0.6030006 1

0.5435177 -0.5995051 0.5875224 0
0.3701757 -0.4570045 -0.8087752 0
-0.7533648 -0.6570701 0.02646777 0
0.09234851 1.385801 -0.3298988 1

-0.09737945 -0.9924711 -0.07428749 0
-0.9710268 0.1111115 -0.2115685 0
-0.2182296 -0.05153269 0.9745357 0
0.1132626 1.381552 -0.4111466 1

0.05073277 -0.9973716 -0.05173254 0
0.06086633 -0.04861529 0.9969616 0
0.996856 0.05372743 -0.05823967 0
0.09387005 1.345716 -0.3364372 1

-0.08686808 -0.9825825 -0.1642736 0
0.4795533 -0.1857783 0.8576219 0
0.8732024 0.00427798 -0.4873388 0
0.08767713 1.329558 -0.3301335 1

-0.1038279 -0.9819246 -0.1582538 0
0.4780599 -0.1887982 0.8577961 0
0.8721689 -0.01340833 -0.489021 0
0.09505015 1.30746 -0.325567 1

-0.879247 0.4650233 -0.1033366 0
0.3171046 0.4094749 -0.8554384 0
0.355485 0.7849103 0.5074905 0
0.1045393 1.448733 -0.6987768 1

-0.6815041 0.1475777 -0.7167798 0
-0.2328585 0.8848196 0.4035738 0
-0.6937788 -0.4419453 0.5686431 0
0.1329661 1.467886 -0.6726068 1

-0.6859236 0.1585619 -0.710188 0
-0.3875911 0.7463911 0.5409935 0
-0.6158587 -0.6463427 0.4505097 0
0.1349383 1.470318 -0.6409545 1

-0.7131493 0.1618849 -0.6820642 0
-0.5750423 0.4213771 0.7012617 0
-0.4009296 -0.8923202 0.2074139 0
0.1359038 1.459903 -0.611046 1

-0.7386798 0.0293779 -0.6734161 0
-0.5504354 0.5503641 0.6277902 0
-0.389067 -0.8344081 0.3903719 0
0.1334332 1.446839 -0.5894825 1

0.5435177 -0.5995051 0.5875224 0
0.3701757 -0.4570045 -0.8087752 0
-0.7533648 -0.6570701 0.02646777 0
0.1039493 1.371479 -0.3552446 1

-0.09737945 -0.9924711 -0.07428749 0
-0.9710268 0.1111115 -0.2115685 0
-0.2182296 -0.05153269 0.9745357 0
0.08811072 1.38443 -0.4166267 1

0.05073277 -0.9973716 -0.05173254 0
0.06086633 -0.04861529 0.9969616 0
0.996856 0.05372743 -0.05823967 0
0.09508439 1.344746 -0.3165469 1

-0.08686808 -0.9825825 -0.1642736 0
0.4795533 -0.1857783 0.8576219 0
0.8732024 0.00427798 -0.4873388 0
0.09573577 1.326436 -0.3157215 1

-0.1038279 -0.9819246 -0.1582538 0
0.4780599 -0.1887982 0.8577961 0
0.8721689 -0.01340833 -0.489021 0
0.105344 1.303395 -0.3070964 1

0.8639824 -0.01017925 0.503419 0
-0.08923161 0.9808757 0.1729754 0
0.4955523 0.1943686 -0.8465511 0
-0.00217875 0.8993419 -0.002745836 1

0.7766618 -0.04485565 0.6283188 0
0.1124282 0.9913165 -0.06820185 0
0.6198035 -0.1236105 -0.7749607 0
-0.002596179 0.992906 -0.0001379002 1

-0.9863197 0.01981887 -0.1636483 0
0.08893016 -0.7719171 -0.6294724 0
0.1387984 0.6354142 -0.7595945 0
-0.08249216 0.8682158 -0.05690607 1

-0.876844 0.1940921 -0.4398558 0
0.0347455 -0.8869138 -0.4606267 0
0.4795181 0.4191806 -0.770941 0
0.08397628 0.8662551 0.04009067 1

0.739475 -0.03255894 0.6723963 0
0.06050794 0.9980015 -0.01821877 0
0.6704593 -0.05415766 -0.739967 0
0.01567888 1.154043 -0.01122402 1

-0.9814659 0.04624792 -0.1859726 0
-0.1492913 -0.792972 0.5906841 0
0.1201531 -0.6075004 -0.7851794 0
-0.04528864 0.545288 -0.3202429 1

-0.8387463 0.08181567 -0.5383409 0
-0.2388013 -0.9437714 0.2286254 0
0.4893655 -0.3203153 -0.8111224 0
0.09851189 0.495219 -0.1526103 1

0.6995357 -0.02003546 0.7143167 0
0.1296443 0.9865769 -0.09928969 0
0.7027391 -0.1620637 -0.6927432 0
0.02396891 1.290777 -0.01372012 1

-0.9826738 0.1021805 -0.1546329 0
-0.08113545 -0.9872735 -0.1367778 0
0.166641 0.1218618 -0.9784583 0
-0.1034275 0.236479 -0.09021142 1

-0.8589584 -0.00147363 -0.5120434 0
0.2812409 -0.8370127 -0.4693758 0
0.4278951 0.5471817 -0.7193735 0
0.00551477 0.1276832 -0.06357601 1

0.7379652 -0.0746693 0.6706952 0
0.1689698 0.9826466 -0.07651807 0
0.6533427 -0.1697949 -0.7377757 0
0.01136165 1.434745 0.002664333 1

0.5901653 0.4784712 -0.6502081 0
-0.7228289 -0.0454568 -0.6895306 0
0.3594767 -0.8769261 -0.3190256 0
-0.03246187 1.398658 -0.04144658 1

-0.7800268 -0.5177999 0.3513425 0
0.4652491 -0.1044371 0.8789974 0
0.4184514 -0.8491034 -0.3223695 0
0.05350049 1.396198 0.04633175 1

-0.9984 0.04357243 0.03603962 0
-0.05238229 -0.4726592 -0.8796872 0
0.02129564 0.8801675 -0.4741854 0
-0.1157601 0.08641344 -0.1110016 1

-0.7927413 -0.01557415 -0.6093594 0
0.6084745 0.03937171 -0.7925962 0
-0.03633545 0.9991035 0.02173506 0
0.04826338 0.0004572868 -0.1349211 1

0.7379652 -0.0746693 0.6706952 0
0.1689698 0.9826466 -0.07651807 0
0.6533427 -0.1697949 -0.7377757 0
0.02475078 1.475818 -0.007494967 1

0.4961709 0.7720107 -0.3972583 0
0.1286108 -0.5178579 -0.8457437 0
0.8586465 -0.3685417 0.3562351 0
-0.1225697 1.392991 -0.1274034 1

0.479178 -0.3405389 0.8089637 0
0.6293893 -0.5090854 -0.5871128 0
-0.6117663 -0.7904844 0.0296109 0
0.1114982 1.383178 0.1559072 1

-0.9984 0.04357243 0.03603962 0
-0.05238229 -0.4726592 -0.8796872 0
0.02129564 0.8801675 -0.4741854 0
-0.1254508 -0.001028538 -0.2737438 1

-0.7927413 -0.01557415 -0.6093594 0
0.6084745 0.03937171 -0.7925962 0
-0.03633545 0.9991035 0.02173506 0
0.1608312 0.007741034 -0.2815515 1

0.8489094 -0.3849593 0.3621594 0
0.4953637 0.8184264 -0.2911926 0
0.1843035 -0.4265968 -0.8854645 0
0.03716362 1.513928 -0.01691001 1

0.08957364 0.7921945 0.6036595 0
0.5046809 0.486421 -0.7132266 0
0.8586465 -0.3685417 0.3562349 0
-0.08696128 1.249612 -0.3615645 1

0.6359835 -0.5137657 -0.5758211 0
-0.4703906 0.3334359 -0.8170395 0
-0.6117665 -0.7904843 0.02961072 0
0.2857573 1.242228 -0.006646699 1

0.8489094 -0.3849593 0.3621594 0
0.4953637 0.8184264 -0.2911926 0
0.1843035 -0.4265968 -0.8854645 0
0.2449996 1.787381 -0.2136737 1

0.1843053 -0.4265976 -0.8854636 0
-0.848909 0.3849583 -0.3621613 0
-0.4953637 -0.8184264 0.2911926 0
0.09976151 1.607545 -0.2046778 1

-0.1842883 0.4265921 0.88547 0
0.8489124 -0.3849663 0.3621446 0
-0.4953641 -0.8184254 0.2911945 0
0.1861815 1.568356 -0.1678096 1

-0.7649243 0.01940453 -0.643828 0
0.6402283 -0.08680788 -0.7632641 0
0.07070027 0.9960362 -0.05397819 0
0.05381841 1.385298 -0.5605175 1

-0.1428607 -0.9848495 -0.09829848 0
-0.03302681 0.1040055 -0.9940283 0
-0.9891919 0.138761 0.04738471 0
0.1545427 1.335239 -0.2345583 1

-0.9261529 0.1779271 -0.3325401 0
0.3757666 0.3599215 -0.8539652 0
0.03225534 0.9158596 0.4002013 0
0.05250629 1.397888 -0.5947694 1

-0.7101012 0.01370963 -0.7039661 0
0.5991589 0.5369006 -0.5939247 0
-0.369817 0.8435343 0.389468 0
0.1044799 1.379242 -0.6550947 1

-0.6941097 0.02062004 -0.7195742 0
0.4954708 0.7388334 -0.4567651 0
-0.5222266 0.6735727 0.5230479 0
0.1214877 1.376525 -0.6402045 1

-0.693988 0.01024037 -0.719914 0
0.4073043 0.8301045 -0.3808285 0
-0.5937036 0.5575142 0.5802533 0
0.1376213 1.376757 -0.623422 1

-0.7093766 -0.1043514 -0.6970623 0
0.1937222 0.9220257 -0.3351731 0
-0.6776848 0.3728002 0.6338481 0
0.1511417 1.37835 -0.6067533 1

-0.091701 -0.8543553 -0.5115349 0
-0.6105341 0.4540565 -0.6489079 0
-0.7866637 -0.252804 0.5632501 0
0.1429264 1.362689 -0.2556558 1

-0.1579045 -0.9804671 -0.1172656 0
-0.2361968 0.1528112 -0.9596145 0
-0.9587898 0.1238295 0.2557123 0
0.1515849 1.368232 -0.3367876 1

-0.07866791 -0.9965034 0.02815724 0
-0.8142667 0.04793492 -0.578509 0
-0.5751362 0.06843743 0.81519 0
0.1506422 1.345581 -0.3388849 1

-0.197957 -0.9791545 -0.04549342 0
-0.8477078 0.1943153 -0.4935926 0
-0.4921433 0.05914476 0.8685027 0
0.1469538 1.322595 -0.3386513 1

-0.2107738 -0.9770974 -0.0292507 0
-0.9030985 0.2060896 -0.37675 0
-0.3741496 0.05299266 0.925853 0
0.1424642 1.301661 -0.3364622 1

-0.03302684 0.1040056 -0.9940284 0
0.1428608 0.9848496 0.09829865 0
-0.9891919 0.138761 0.04738471 0
0.1239689 1.3654 -0.3702218 1

-0.8181877 0.5109915 -0.2635464 0
0.4872427 0.372898 -0.7896468 0
0.3052269 0.7744904 0.5540773 0
0.06946818 1.414135 -0.6333169 1

-0.6724759 0.1038705 -0.7327942 0
0.03959876 0.9937347 0.1045185 0
-0.739059 -0.04126871 0.6723756 0
0.137729 1.409036 -0.6880533 1

-0.6750529 0.126879 -0.7267776 0
-0.1984032 0.9175915 0.3444738 0
-0.7105912 -0.3767333 0.5942496 0
0.1502519 1.419417 -0.6667216 1

-0.6913053 0.1273505 -0.711252 0
-0.3703554 0.7827602 0.5001233 0
-0.6204306 -0.6091539 0.4939612 0
0.1596928 1.42174 -0.6440587 1

-0.726402 0.004460207 -0.6872557 0
-0.4548057 0.7465833 0.485557 0
-0.5152593 -0.6652775 0.540291 0
0.1582794 1.412322 -0.6191027 1

0.4739435 -0.822736 -0.3138202 0
-0.4384447 0.08857938 -0.8943827 0
-0.763639 -0.5614796 0.3187424 0
0.1153664 1.383186 -0.2849479 1

-0.1349552 -0.9877501 -0.07833961 0
-0.7253371 0.1523455 -0.6713253 0
-0.6750361 0.03377605 0.7370113 0
0.1384776 1.376712 -0.3900395 1

0.04482477 -0.9988579 -0.01655006 0
-0.2564991 -0.02751885 0.9661528 0
0.9655049 0.03906258 0.2574396 0
0.1033708 1.348364 -0.3724695 1

-0.08506411 -0.9925997 -0.08666283 0
-0.3567289 -0.05087264 0.9328219 0
0.9303274 -0.1102647 0.3497616 0
0.1010168 1.333125 -0.3653989 1

-0.1076508 -0.9920688 -0.06489202 0
-0.5046802 -0.001705995 0.8633046 0
0.8565685 -0.1256851 0.500494 0
0.1091897 1.309255 -0.3503434 1

-0.8785176 0.4652778 -0.1082734 0
0.3171112 0.398486 -0.8606102 0
0.3572775 0.7903961 0.4976216 0
0.09470084 1.433446 -0.6742101 1

-0.6767993 0.1448538 -0.721776 0
-0.2383081 0.8845483 0.4009791 0
-0.6965288 -0.4433877 0.5641416 0
0.1390718 1.442735 -0.6845089 1

-0.6842121 0.1531904 -0.7130123 0
-0.3838728 0.7556345 0.5307152 0
-0.620077 -0.6368279 0.4582085 0
0.1429466 1.453203 -0.6540381 1

-0.7127546 0.1551333 -0.684043 0
-0.5714341 0.4371073 0.6945503 0
-0.4067481 -0.8859296 0.2229018 0
0.1458863 1.45092 -0.6254146 1

-0.7393774 0.02074658 -0.6729719 0
-0.5466461 0.5650203 0.6180052 0
-0.3930641 -0.8248165 0.4064221 0
0.1454757 1.433339 -0.6054333 1

0.5431879 -0.5972883 0.5900795 0
0.3680657 -0.4622758 -0.8067399 0
-0.754636 -0.655399 0.0312613 0
0.09266166 1.387773 -0.3312633 1

-0.09854343 -0.9933718 -0.05917799 0
-0.9694138 0.1092591 -0.2197727 0
-0.2247815 -0.03571078 0.9737546 0
0.1138807 1.381879 -0.4128048 1

0.04730358 -0.9979726 -0.04258255 0
0.06933144 -0.03924718 0.9968215 0
0.996472 0.05010568 -0.06733418 0
0.09392656 1.347351 -0.336896 1

-0.08977835 -0.9840744 -0.1534206 0
0.4831415 -0.1777355 0.8573124 0
0.8709273 -0.00284397 -0.4914037 0
0.08771805 1.331228 -0.3306237 1

-0.106707 -0.9833111 -0.1473533 0
0.4754301 -0.1806191 0.8610129 0
0.8732585 -0.02181983 -0.4867688 0
0.09498207 1.309207 -0.3260399 1

-0.8785176 0.4652778 -0.1082734 0
0.3171112 0.398486 -0.8606102 0
0.3572775 0.7903961 0.4976216 0
0.1046374 1.445932 -0.7011768 1

-0.6767993 0.1448538 -0.721776 0
-0.2383081 0.8845483 0.4009791 0
-0.6965288 -0.4433877 0.5641416 0
0.132899 1.465647 -0.6741225 1

-0.6842121 0.1531904 -0.7130123 0
-0.3838728 0.7556345 0.5307152 0
-0.620077 -0.6368279 0.4582085 0
0.1352882 1.468278 -0.64345 1

-0.7127546 0.1551333 -0.684043 0
-0.5714341 0.4371073 0.6945503 0
-0.4067481 -0.8859296 0.2229018 0
0.1362836 1.458266 -0.6137428 1

-0.7393774 0.02074658 -0.6729719 0
-0.5466461 0.5650203 0.6180052 0
-0.3930641 -0.8248165 0.4064221 0
0.1337049 1.445506 -0.592126 1

0.5431879 -0.5972883 0.5900795 0
0.3680657 -0.4622758 -0.8067399 0
-0.754636 -0.655399 0.0312613 0
0.1041963 1.373285 -0.3565454 1

-0.09854343 -0.9933718 -0.05917799 0
-0.9694138 0.1092591 -0.2197727 0
-0.2247815 -0.03571078 0.9737546 0
0.08877049 1.384709 -0.4184974 1

0.04730358 -0.9979726 -0.04258255 0
0.06933144 -0.03924718 0.9968215 0
0.996472 0.05010568 -0.06733418 0
0.09530977 1.346568 -0.3170084 1

-0.08977835 -0.9840744 -0.1534206 0
0.4831415 -0.1777355 0.8573124 0
0.8709273 -0.00284397 -0.4914037 0
0.09583704 1.328242 -0.3162168 1

-0.106707 -0.9833111 -0.1473533 0
0.4754301 -0.1806191 0.8610129 0
0.8732585 -0.02181983 -0.4867688 0
0.1052193 1.305317 -0.3075 1

0.8494622 -0.006000075 0.5276154 0
-0.09710972 0.9810771 0.1675038 0
0.5186364 0.1935247 -0.8328052 0
-0.003443609 0.9029124 -0.004014479 1

0.7582349 -0.04125911 0.6506747 0
0.1128625 0.9912352 -0.0686653 0
0.6421387 -0.1255012 -0.7562457 0
-0.004223828 0.9964819 -0.001694584 1

-0.9819197 0.01024399 -0.1890209 0
0.1053065 -0.8002046 -0.5904095 0
0.1573036 0.5996398 -0.7846578 0
-0.0821003 0.8713772 -0.06032663 1

-0.8674353 0.2030136 -0.4542484 0
0.04976138 -0.8729946 -0.485185 0
0.4950555 0.4434706 -0.747164 0
0.08157043 0.8702217 0.04133215 1

0.7207813 -0.02725969 0.6926263 0
0.05940127 0.9979798 -0.02253841 0
0.6906127 -0.05738815 -0.7209444 0
0.01412183 1.157606 -0.01285604 1

-0.9771414 0.03084263 -0.2103413 0
-0.1644648 -0.7366148 0.6560109 0
0.1347075 -0.6756092 -0.7248492 0
-0.03804582 0.5366154 -0.3073217 1

-0.8369036 0.1263296 -0.5325724 0
-0.2347112 -0.9618315 0.140681 0
0.4944727 -0.2427372 -0.834611 0
0.1023879 0.5050086 -0.1616427 1

0.6806821 -0.01302654 0.7324631 0
0.1307377 0.9859513 -0.1039605 0
0.7208187 -0.1665246 -0.6728226 0
0.02226023 1.294336 -0.01594397 1

-0.977424 0.06135711 -0.2021826 0
-0.05008326 -0.9969162 -0.06041721 0
0.2052661 0.04892718 -0.9774825 0
-0.1020937 0.2497537 -0.05184988 1

-0.8626512 0.01945821 -0.5054249 0
0.2442464 -0.8590065 -0.4499467 0
0.4429184 0.5115952 -0.7362701 0
0.01098358 0.1304396 -0.1068568 1

0.7219893 -0.06909943 0.6884452 0
0.171324 0.9818693 -0.08112122 0
0.6703579 -0.1765159 -0.7207376 0
0.009017488 1.438412 -0.00107509 1

0.6019479 0.4752055 -0.6417466 0
-0.7121772 -0.04403439 -0.7006175 0
0.3611961 -0.8787724 -0.3119241 0
-0.03358657 1.401892 -0.04601683 1

-0.787162 -0.5169276 0.3363958 0
0.4432285 -0.09486408 0.8913751 0
0.4288644 -0.8507567 -0.3037903 0
0.05005899 1.400293 0.04399141 1

-0.9982026 0.04978963 -0.03336003 0
0.001561522 -0.5348337 -0.8449562 0
0.05991217 0.8434895 -0.5337945 0
-0.1097064 0.09822243 -0.06103331 1

-0.797861 0.0006968658 -0.6028411 0
0.6028411 -0.0003470303 -0.7978612 0
0.0007651835 0.9999999 0.0001432989 0
0.04810904 -0.0001294017 -0.1752488 1

0.7219893 -0.06909943 0.6884452 0
0.171324 0.9818693 -0.08112122 0
0.6703579 -0.1765159 -0.7207376 0
0.0226665 1.479389 -0.01127623 1

0.4940329 0.7633319 -0.4162406 0
0.1274004 -0.5371325 -0.8338213 0
0.8600587 -0.3589058 0.3626099 0
-0.1223666 1.396403 -0.1333558 1

0.4721896 -0.3354689 0.8151673 0
0.6389326 -0.5068402 -0.5786867 0
-0.607291 -0.7940868 0.02498278 0
0.1053117 1.388468 0.1551098 1

-0.9982026 0.04978963 -0.03336003 0
0.001561522 -0.5348337 -0.8449562 0
0.05991217 0.8434895 -0.5337945 0
-0.1094175 -0.000721693 -0.2173501 1

-0.797861 0.0006968658 -0.6028411 0
0.6028411 -0.0003470303 -0.7978612 0
0.0007651835 0.9999999 0.0001432989 0
0.1596346 -0.0001935363 -0.3228531 1

0.8447888 -0.3838326 0.3728328 0
0.5014935 0.8109478 -0.3014434 0
0.1866442 -0.4416294 -0.8775691 0
0.03532022 1.51741 -0.02073036 1

0.07763988 0.7945204 0.6022539 0
0.5042531 0.4898208 -0.7111994 0
0.8600588 -0.3589058 0.3626097 0
-0.08709318 1.247687 -0.3642159 1

0.6479076 -0.5132066 -0.5628811 0
-0.4597974 0.3256461 -0.8261604 0
-0.607291 -0.7940868 0.02498254 0
0.282213 1.248139 -0.00511119 1

0.8447888 -0.3838326 0.3728328 0
0.5014935 0.8109478 -0.3014434 0
0.1866442 -0.4416294 -0.8775691 0
0.2457351 1.786549 -0.2206749 1

0.186646 -0.4416301 -0.8775684 0
-0.8447885 0.3838316 -0.3728347 0
-0.5014935 -0.8109478 0.3014434 0
0.09944545 1.607683 -0.2096167 1

-0.186629 0.4416246 0.8775747 0
0.844792 -0.3838399 0.3728182 0
-0.5014939 -0.8109468 0.3014452 0
0.1854459 1.568609 -0.1716619 1

-0.7654626 0.01144566 -0.6433791 0
0.6392933 -0.1003527 -0.7623869 0
0.07329094 0.9948864 -0.06949903 0
0.05356719 1.384322 -0.5626035 1

-0.1466642 -0.9854884 -0.08545417 0
-0.03575587 0.09161355 -0.9951526 0
-0.9885401 0.1428978 0.04867318 0
0.1539533 1.338977 -0.235567 1

-0.9259838 0.1752108 -0.3344485 0
0.3759332 0.345618 -0.8597806 0
0.03505154 0.921873 0.3859044 0
0.05225692 1.396382 -0.5970456 1

-0.7073163 0.007456879 -0.7068583 0
0.6024827 0.5293974 -0.5972882 0
-0.369755 0.8483413 0.378944 0
0.1041254 1.376663 -0.6571198 1

-0.6941188 0.0122608 -0.7197565 0
0.4988695 0.729018 -0.4686812 0
-0.5189688 0.6843853 0.5121415 0
0.1211396 1.374132 -0.6422042 1

-0.6956792 -0.0006004637 -0.7183528 0
0.4107534 0.8200613 -0.3984741 0
-0.5893323 0.5722759 0.5702527 0
0.1372892 1.374581 -0.6254414 1

-0.7115883 -0.1158455 -0.6929809 0
0.1966045 0.9140801 -0.35469 0
-0.6745288 0.3886364 0.6276727 0
0.150829 1.376397 -0.6088114 1

-0.09638508 -0.8598889 -0.5012996 0
-0.6115295 0.448536 -0.6518035 0
-0.7853292 -0.2437353 0.5690795 0
0.1423689 1.366201 -0.2569725 1

-0.1603928 -0.9818953 -0.1007766 0
-0.2338957 0.1369992 -0.9625615 0
-0.9589407 0.1308166 0.2516346 0
0.150794 1.370692 -0.338194 1

-0.08182523 -0.9958037 0.04098605 0
-0.8179473 0.04360049 -0.5736392 0
-0.5694448 0.08046261 0.8180823 0
0.1497643 1.34802 -0.340003 1

-0.201751 -0.9788966 -0.03253078 0
-0.8489953 0.1913464 -0.4925386 0
-0.4883687 0.07175156 0.8696827 0
0.145995 1.325052 -0.3394688 1

-0.2145715 -0.9765677 -0.01657231 0
-0.9030157 0.2048191 -0.3776407 0
-0.372186 0.06606586 0.9258041 0
0.1414379 1.304164 -0.3370025 1

-0.0357556 0.0916137 -0.9951528 0
0.1466643 0.9854885 0.08545434 0
-0.9885401 0.1428978 0.04867318 0
0.1230641 1.367538 -0.371505 1

-0.8170725 0.5090173 -0.2707293 0
0.4875025 0.3592943 -0.7957695 0
0.307789 0.7821826 0.5417167 0
0.06922626 1.411983 -0.6358556 1

-0.6694067 0.09729603 -0.7364976 0
0.04064099 0.9946986 0.09446736 0
-0.741784 -0.03330523 0.6698117 0
0.1375588 1.406041 -0.6902649 1

-0.6745147 0.1180646 -0.7287601 0
-0.1924171 0.9248973 0.3279349 0
-0.7127454 -0.3614227 0.6011388 0
0.1501011 1.416455 -0.6694131 1

-0.6923527 0.116636 -0.7120705 0
-0.3649324 0.7947309 0.4850028 0
-0.622473 -0.5956506 0.5076695 0
0.1595476 1.41902 -0.6470344 1

-0.7281054 -0.006853115 -0.6854312 0
-0.4501369 0.7589054 0.4705744 0
-0.5169524 -0.6511654 0.5556478 0
0.1580729 1.410076 -0.6218798 1

0.4709354 -0.8266495 -0.3080105 0
-0.4422112 0.08090376 -0.8932551 0
-0.763328 -0.5568711 0.3274533 0
0.1147639 1.386448 -0.2863955 1

-0.13754 -0.9885737 -0.06168564 0
-0.7235982 0.142811 -0.6752863 0
-0.6763792 0.04824317 0.7349719 0
0.1378144 1.378295 -0.3916094 1

0.04135728 -0.9991344 -0.004507426 0
-0.2501304 -0.01472124 0.9681005 0
0.9673287 0.03891051 0.2505229 0
0.1022793 1.350551 -0.373305 1

-0.0890778 -0.9932731 -0.07398581 0
-0.3530992 -0.03796528 0.9348154 0
0.9313358 -0.1093956 0.3473422 0
0.0999883 1.335421 -0.3661592 1

-0.111645 -0.9923819 -0.05209281 0
-0.5044538 0.01143189 0.8633632 0
0.8561906 -0.1226685 0.5018873 0
0.1081665 1.31171 -0.3509167 1

-0.8773805 0.4658807 -0.1147124 0
0.3173742 0.384231 -0.8669721 0
0.3598295 0.7970712 0.4849752 0
0.09447246 1.43059 -0.6770658 1

-0.6737223 0.1384288 -0.7259037 0
-0.2388248 0.8887998 0.3911498 0
-0.6993292 -0.4368902 0.5657437 0
0.138937 1.439772 -0.6870614 1

-0.6834014 0.1444761 -0.7156044 0
-0.3774011 0.7691651 0.5157073 0
-0.624925 -0.6225052 0.4711228 0
0.1430161 1.450509 -0.6573384 1

-0.7135271 0.1450329 -0.6854525 0
-0.5670305 0.4551104 0.6865504 0
-0.4115286 -0.8785449 0.2424951 0
0.1459433 1.448647 -0.6289539 1

-0.7409244 0.009746797 -0.6715181 0
-0.542223 0.581297 0.6067032 0
-0.3962648 -0.8136337 0.4254119 0
0.1454007 1.431441 -0.6086324 1

0.5446103 -0.5927087 0.5933774 0
0.363593 -0.4707071 -0.8038875 0
-0.755778 -0.6535529 0.04084733 0
0.09186411 1.390638 -0.3326523 1

-0.1011814 -0.993966 -0.04235779 0
-0.9686755 0.1081337 -0.2235517 0
-0.2267828 -0.01841172 0.9737715 0
0.1132764 1.383138 -0.414509 1

0.04366527 -0.9985788 -0.03056484 0
0.07585645 -0.02719193 0.9967483 0
0.9961624 0.04584168 -0.07456103 0
0.09306953 1.350009 -0.3376598 1

-0.09403313 -0.9855589 -0.1408248 0
0.4859819 -0.1688939 0.8574945 0
0.8688956 -0.01219457 -0.4948454 0
0.08682488 1.334006 -0.3313097 1

-0.1106227 -0.9847139 -0.1345413 0
0.4735018 -0.1712396 0.8639871 0
0.8738186 -0.03187105 -0.4852068 0
0.09396525 1.312032 -0.3266115 1

-0.8773805 0.4658807 -0.1147124 0
0.3173742 0.384231 -0.8669721 0
0.3598295 0.7970712 0.4849752 0
0.1044172 1.442629 -0.7042321 1

-0.6737223 0.1384288 -0.7259037 0
-0.2388248 0.8887998 0.3911498 0
-0.6993292 -0.4368902 0.5657437 0
0.1327508 1.462795 -0.6769297 1

-0.6834014 0.1444761 -0.7156044 0
-0.3774011 0.7691651 0.5157073 0
-0.624925 -0.6225052 0.4711228 0
0.1354869 1.465855 -0.6470499 1

-0.7135271 0.1450329 -0.6854525 0
-0.5670305 0.4551104 0.6865504 0
-0.4115286 -0.8785449 0.2424951 0
0.1364145 1.456295 -0.6174167 1

-0.7409244 0.009746797 -0.6715181 0
-0.542223 0.581297 0.6067032 0
-0.3962648 -0.8136337 0.4254119 0
0.1337252 1.443958 -0.5955684 1

0.5446103 -0.5927087 0.5933774 0
0.363593 -0.4707071 -0.8038875 0
-0.755778 -0.6535529 0.04084733 0
0.1032586 1.375886 -0.3578452 1

-0.1011814 -0.993966 -0.04235779 0
-0.9686755 0.1081337 -0.2235517 0
-0.2267828 -0.01841172 0.9737715 0
0.08818541 1.385939 -0.4202995 1

0.04366527 -0.9985788 -0.03056484 0
0.07585645 -0.02719193 0.9967483 0
0.9961624 0.04584168 -0.07456103 0
0.09458295 1.349467 -0.3177736 1

-0.09403313 -0.9855589 -0.1408248 0
0.4859819 -0.1688939 0.8574945 0
0.8688956 -0.01219457 -0.4948454 0
0.09499162 1.331168 -0.3168999 1

-0.1106227 -0.9847139 -0.1345413 0
0.4735018 -0.1712396 0.8639871 0
0.8738186 -0.03187105 -0.4852068 0
0.1041611 1.308345 -0.3080076 1

0.8347166 -0.001775328 0.5506771 0
-0.1027598 0.9819277 0.1589291 0
0.5410072 0.1892482 -0.8194488 0
-0.004506279 0.9066482 -0.005241837 1

0.7399682 -0.03801951 0.6715666 0
0.1136998 0.9911043 -0.069171 0
0.6629627 -0.1275413 -0.7377084 0
-0.005454976 1.000229 -0.003502432 1

-0.9762822 -0.0003112355 -0.2165028 0
0.1214771 -0.8285429 -0.5465898 0
0.1792115 0.5599258 -0.8089292 0
-0.08155747 0.8746781 -0.06349503 1

-0.8579394 0.2062384 -0.470538 0
0.07316159 -0.8575065 -0.5092447 0
0.5085151 0.4713263 -0.7205997 0
0.07927213 0.8743367 0.04260717 1

0.7022465 -0.02276378 0.7115698 0
0.06033492 0.9977958 -0.02762396 0
0.7093726 -0.06233134 -0.7020722 0
0.01302678 1.161331 -0.01474609 1

-0.9680445 -0.0005241877 -0.250779 0
-0.1817462 -0.6875696 0.7030053 0
0.1727964 -0.7261187 -0.6655025 0
-0.03073804 0.528061 -0.2921583 1

-0.8337103 0.1608681 -0.5282507 0
-0.2205912 -0.974004 0.05153428 0
0.5062279 -0.1594922 -0.8475232 0
0.1098789 0.5156029 -0.1704329 1

0.6619907 -0.007230981 0.7494773 0
0.1352991 0.9846792 -0.1100054 0
0.7371991 -0.1742261 -0.6528267 0
0.0212931 1.298037 -0.01853077 1

-0.9696006 -0.01865192 -0.2439825 0
0.01485126 -0.9997384 0.01740811 0
0.2442431 -0.01325565 -0.9696234 0
-0.1015159 0.2602992 -0.01838535 1

-0.8569856 0.1102794 -0.5034029 0
0.1544508 -0.8769687 -0.4550505 0
0.4916511 0.4677227 -0.7345165 0
0.0239734 0.1362935 -0.1503638 1

0.7063923 -0.06320544 0.704993 0
0.1732606 0.9811454 -0.08564089 0
0.6862876 -0.1826435 -0.7040245 0
0.007970126 1.442271 -0.005371412 1

0.6153823 0.4682933 -0.6340396 0
-0.699181 -0.04709664 -0.713392 0
0.3639376 -0.8823171 -0.2984394 0
-0.03356193 1.405399 -0.05102329 1

-0.7933694 -0.5159191 0.3230989 0
0.4188654 -0.07752503 0.9047332 0
0.4417207 -0.8531224 -0.2776064 0
0.04778675 1.404512 0.04107569 1

-0.9871666 0.05490359 -0.1499613 0
0.08906698 -0.5901405 -0.8023728 0
0.1325511 0.8054318 -0.5776763 0
-0.09925851 0.108339 -0.01573931 1

-0.7995504 0.01416159 -0.6004322 0
0.6000304 -0.02466137 -0.799597 0
0.02613103 0.9995957 -0.01122055 0
0.04744991 0.002994239 -0.2195315 1

0.7063923 -0.06320544 0.704993 0
0.1732606 0.9811454 -0.08564089 0
0.6862876 -0.1826435 -0.7040245 0
0.02185085 1.48316 -0.01561382 1

0.487188 0.7550039 -0.4388818 0
0.1257548 -0.5579715 -0.8202766 0
0.8641955 -0.3444373 0.3667824 0
-0.1207218 1.399528 -0.1399547 1

0.4693089 -0.3261336 0.8206014 0
0.6488095 -0.5030226 -0.5709772 0
-0.598996 -0.8003781 0.02447435 0
0.1000023 1.394848 0.1538593 1

-0.9871666 0.05490359 -0.1499613 0
0.08906698 -0.5901405 -0.8023728 0
0.1325511 0.8054318 -0.5776763 0
-0.08278113 -0.0008369684 -0.1641783 1

-0.7995504 0.01416159 -0.6004322 0
0.6000304 -0.02466137 -0.799597 0
0.02613103 0.9995957 -0.01122055 0
0.1584555 -0.001568019 -0.3674569 1

0.8412377 -0.3802209 0.3843843 0
0.5062822 0.8034601 -0.3132573 0
0.1897303 -0.4581308 -0.8684 0
0.03471931 1.521099 -0.02510644 1

0.06206489 0.7963688 0.6016188 0
0.4993138 0.4971519 -0.7095957 0
0.8641956 -0.3444373 0.3667822 0
-0.08590407 1.245043 -0.3670647 1

0.659824 -0.5106619 -0.5512325 0
-0.4536926 0.3140374 -0.8339932 0
-0.598996 -0.8003782 0.02447405 0
0.2796382 1.255576 -0.004227068 1

0.8412377 -0.3802209 0.3843843 0
0.5062822 0.8034601 -0.3132573 0
0.1897303 -0.4581308 -0.8684 0
0.2472695 1.78578 -0.22871 1

0.1897322 -0.4581316 -0.8683992 0
-0.8412373 0.38022 -0.3843862 0
-0.5062822 -0.8034601 0.3132573 0
0.100228 1.607698 -0.2152341 1

-0.1897153 0.4581262 0.8684058 0
0.8412408 -0.3802286 0.3843697 0
-0.5062825 -0.8034593 0.3132591 0
0.1858669 1.568991 -0.1761034 1

-0.7654808 0.003335346 -0.6434504 0
0.6389303 -0.1144908 -0.7606971 0
0.07620646 0.993419 -0.08550939 0
0.05337847 1.383722 -0.5650049 1

-0.1506093 -0.9859554 -0.07217494 0
-0.03795183 0.07872029 -0.9961746 0
-0.987865 0.147294 0.04927468 0
0.1530815 1.343176 -0.2368678 1

-0.9254938 0.1725235 -0.33719 0
0.3768729 0.330626 -0.8652477 0
0.03779191 0.9278592 0.3710118 0
0.05210065 1.39523 -0.5996367 1

-0.7074847 -0.001740842 -0.7067269 0
0.6062169 0.5125232 -0.6081294 0
-0.3632723 0.858672 0.3615468 0
0.1039058 1.374395 -0.6593876 1

-0.6954784 0.001281413 -0.7185463 0
0.5035542 0.7142311 -0.4861146 0
-0.5125849 0.699909 0.4973773 0
0.1209138 1.372054 -0.6444338 1

-0.6976054 -0.01295555 -0.7163653 0
0.4144708 0.8082664 -0.4182343 0
-0.5844321 0.588675 0.558481 0
0.1370661 1.372725 -0.6276811 1

-0.7136068 -0.1279745 -0.6887586 0
0.2002622 0.9048796 -0.3756177 0
-0.6713127 0.4059755 0.6200995 0
0.1506126 1.374769 -0.611083 1

-0.09890927 -0.8647143 -0.4924295 0
-0.6159564 0.4418609 -0.6521946 0
-0.781547 -0.2388066 0.5763302 0
0.1415455 1.370162 -0.2585989 1

-0.1634307 -0.9829423 -0.08435268 0
-0.2344035 0.1217424 -0.9644868 0
-0.958304 0.1378541 0.2503013 0
0.1497799 1.373558 -0.3398931 1

-0.08439653 -0.9949154 0.0549636 0
-0.8195591 0.03793611 -0.5717384 0
-0.566746 0.09329856 0.8185934 0
0.1486598 1.350868 -0.3414026 1

-0.2057609 -0.9784102 -0.01940449 0
-0.8492234 0.1883759 -0.4932898 0
-0.486295 0.08502092 0.8696492 0
0.1448051 1.327924 -0.3405582 1

-0.2182803 -0.9758802 -0.003485948 0
-0.9025225 0.2032282 -0.3796743 0
-0.3712248 0.0797292 0.925114 0
0.1401754 1.307087 -0.3378072 1

-0.03795192 0.07872042 -0.9961746 0
0.1506094 0.9859555 0.07217502 0
-0.987865 0.147294 0.04927468 0
0.1219533 1.370074 -0.3730903 1

-0.8155973 0.5069911 -0.2788574 0
0.4884874 0.3450031 -0.8014693 0
0.3101312 0.7898945 0.5290424 0
0.06911243 1.410154 -0.6386934 1

-0.6689124 0.08723333 -0.7382052 0
0.04779313 0.9960829 0.07439974 0
-0.7418035 -0.01448592 0.6704612 0
0.1375466 1.402836 -0.6931344 1

-0.6750274 0.1064721 -0.73007 0
-0.1830214 0.9344376 0.3054997 0
-0.7147318 -0.3398391 0.6112842 0
0.1501471 1.413518 -0.6726547 1

-0.6936436 0.1045247 -0.7126946 0
-0.3600077 0.8066738 0.4686924 0
-0.6239017 -0.5816809 0.5219142 0
0.159526 1.416525 -0.6503449 1

-0.7296203 -0.01869361 -0.6835974 0
-0.4458351 0.770985 0.4547676 0
-0.5185419 -0.6365795 0.5708603 0
0.1579912 1.408109 -0.6249225 1

0.4687983 -0.830391 -0.3011302 0
-0.4472144 0.07085744 -0.8916162 0
-0.7617271 -0.5526575 0.3381447 0
0.1137407 1.390108 -0.2880395 1

-0.1405607 -0.989041 -0.04517721 0
-0.7238117 0.1337862 -0.6769039 0
-0.6755295 0.06244624 0.7346841 0
0.1367722 1.380314 -0.3934154 1

0.03863833 -0.9992115 0.00915226 0
-0.247238 -0.0006852112 0.9689551 0
0.9681846 0.03970154 0.2470696 0
0.1010813 1.35307 -0.3745942 1

-0.09323144 -0.9937809 -0.06089385 0
-0.3513356 -0.02438865 0.935932 0
0.9315965 -0.1086525 0.346877 0
0.09878606 1.338132 -0.3672894 1

-0.1154997 -0.9925508 -0.03876832 0
-0.5049053 0.02505331 0.8628115 0
0.855413 -0.1192288 0.5040379 0
0.1069221 1.314575 -0.3517962 1

-0.8760184 0.4665492 -0.1221638 0
0.3184268 0.3692898 -0.8730575 0
0.3622104 0.8037146 0.4720666 0
0.09440962 1.428021 -0.6801989 1

-0.6729362 0.1286239 -0.7284321 0
-0.2324944 0.8980802 0.3733617 0
-0.7022133 -0.4206049 0.5744461 0
0.1391672 1.436614 -0.6906114 1

-0.6835471 0.1330888 -0.7176707 0
-0.3676714 0.7866014 0.4960612 0
-0.6305406 -0.6029481 0.4887459 0
0.1434083 1.447924 -0.6614062 1

-0.7146537 0.1336162 -0.6865984 0
-0.5633664 0.4718544 0.6782123 0
-0.4145944 -0.8714933 0.2619374 0
0.1461051 1.446597 -0.6328724 1

-0.742386 -0.001682967 -0.6699706 0
-0.538669 0.5961043 0.5953952 0
-0.3983703 -0.8029056 0.443446 0
0.1454402 1.429814 -0.6121199 1

0.5476761 -0.5861335 0.5970753 0
0.3588225 -0.4801204 -0.8004571 0
-0.7558427 -0.6526349 0.05263236 0
0.09058184 1.393777 -0.3342116 1

-0.1042 -0.994222 -0.02579556 0
-0.9685603 0.1073336 -0.2244353 0
-0.2259068 -0.001598447 0.9741479 0
0.112227 1.384851 -0.4163698 1

0.04086893 -0.9990215 -0.01691712 0
0.07879925 -0.01365589 0.9967976 0
0.9960529 0.04207091 -0.0781638 0
0.09197807 1.353045 -0.3389175 1

-0.09829246 -0.9869152 -0.1278175 0
0.4870512 -0.1597133 0.8586464 0
0.8678253 -0.02214484 -0.4963768 0
0.08568843 1.337222 -0.3323981 1

-0.1143462 -0.9860184 -0.121214 0
0.4711505 -0.1612442 0.8671901 0
0.8746103 -0.04204966 -0.4830006 0
0.09270817 1.31528 -0.3275067 1

-0.8760184 0.4665492 -0.1221638 0
0.3184268 0.3692898 -0.8730575 0
0.3622104 0.8037146 0.4720666 0
0.1043873 1.439592 -0.7075558 1

-0.6729362 0.1286239 -0.7284321 0
-0.2324944 0.8980802 0.3733617 0
-0.7022133 -0.4206049 0.5744461 0
0.133145 1.459877 -0.6809403 1

-0.6835471 0.1330888 -0.7176707 0
-0.3676714 0.7866014 0.4960612 0
-0.6305406 -0.6029481 0.4887459 0
0.1360731 1.463617 -0.6515096 1

-0.7146537 0.1336162 -0.6865984 0
-0.5633664 0.4718544 0.6782123 0
-0.4145944 -0.8714933 0.2619374 0
0.136638 1.454526 -0.6214753 1

-0.742386 -0.001682967 -0.6699706 0
-0.538669 0.5961043 0.5953952 0
-0.3983703 -0.8029056 0.443446 0
0.1338412 1.44265 -0.5992995 1

0.5476761 -0.5861335 0.5970753 0
0.3588225 -0.4801204 -0.8004571 0
-0.7558427 -0.6526349 0.05263236 0
0.1018268 1.378731 -0.3592968 1

-0.1042 -0.994222 -0.02579556 0
-0.9685603 0.1073336 -0.2244353 0
-0.2259068 -0.001598447 0.9741479 0
0.08713902 1.387631 -0.4221833 1

0.04086893 -0.9990215 -0.01691712 0
0.07879925 -0.01365589 0.9967976 0
0.9960529 0.04207091 -0.0781638 0
0.09355013 1.352772 -0.3190303 1

-0.09829246 -0.9869152 -0.1278175 0
0.4870512 -0.1597133 0.8586464 0
0.8678253 -0.02214484 -0.4963768 0
0.09387311 1.334538 -0.3179689 1

-0.1143462 -0.9860184 -0.121214 0
0.4711505 -0.1612442 0.8671901 0
0.8746103 -0.04204966 -0.4830006 0
0.1028533 1.311808 -0.3088337 1

0.8199643 0.002893731 0.5724074 0
-0.1063187 0.9833568 0.1473286 0
0.5624543 0.1816618 -0.8066251 0
-0.005330156 0.9103803 -0.006789068 1

0.722644 -0.03547772 0.6903093 0
0.1150007 0.990934 -0.06945942 0
0.6815867 -0.1295805 -0.7201725 0
-0.006268954 1.003973 -0.005917713 1

-0.9694225 -0.01178051 -0.2451154 0
0.136508 -0.8559307 -0.4987471 0
0.2039261 0.5169567 -0.8313663 0
-0.08084364 0.8779136 -0.066756 1

-0.8481529 0.2037307 -0.48901 0
0.1019559 -0.8430588 -0.5280694 0
0.5198479 0.4977409 -0.694271 0
0.07714355 0.8784717 0.0435331 1

0.6846912 -0.01944761 0.7285738 0
0.06304079 0.9974777 -0.0326184 0
0.7261018 -0.0682634 -0.6841903 0
0.01242427 1.165048 -0.01720825 1

-0.9458932 -0.06555191 -0.3177881 0
-0.2001565 -0.6529711 0.7304562 0
0.2553892 -0.754541 -0.6045201 0
-0.02373617 0.5198389 -0.2754045 1

-0.8284753 0.1839255 -0.5289617 0
-0.1950114 -0.9801629 -0.03538018 0
0.5249757 -0.0738421 -0.847908 0
0.1197963 0.5257821 -0.1773822 1

0.644321 -0.003076794 0.7647491 0
0.1425731 0.9829435 -0.1161669 0
0.7513477 -0.1838814 -0.6337699 0
0.02106131 1.30171 -0.02167721 1

-0.9494817 -0.130093 -0.2855881 0
0.1066875 -0.9896371 0.09610719 0
0.2951313 -0.06078353 -0.9535214 0
-0.1016836 0.2655509 0.00905866 1

-0.8171188 0.2810018 -0.5033442 0
0.00757353 -0.8678414 -0.4967842 0
0.5764198 0.4097435 -0.7070009 0
0.04385241 0.1440743 -0.1911604 1

0.691793 -0.05774799 0.719783 0
0.1740045 0.9807553 -0.08855233 0
0.7008173 -0.1865054 -0.6885281 0
0.008131734 1.446124 -0.01020269 1

0.6297908 0.4587656 -0.6268157 0
-0.6839232 -0.05506661 -0.7274727 0
0.368256 -0.8868495 -0.27908 0
-0.03250373 1.409006 -0.05645862 1

-0.7983588 -0.5152719 0.3116378 0
0.393201 -0.05409896 0.9178597 0
0.4560879 -0.8553177 -0.2457957 0
0.04667361 1.40863 0.03751702 1

-0.9512609 0.0422527 -0.3054794 0
0.2125322 -0.6279418 -0.7486784 0
0.2234568 0.7771127 -0.5883563 0
-0.08546706 0.1151261 0.02366696 1

-0.7883776 0.1111104 -0.6050748 0
0.6012815 -0.06880328 -0.7960696 0
0.1300827 0.9914237 0.01256583 0
0.04500357 0.01216239 -0.2666716 1

0.691793 -0.05774799 0.719783 0
0.1740045 0.9807553 -0.08855233 0
0.7008173 -0.1865054 -0.6885281 0
0.02217941 1.48696 -0.02042781 1

0.4755748 0.7481074 -0.4627783 0
0.1252207 -0.5782936 -0.8061616 0
0.8707172 -0.3254407 0.3687003 0
-0.1177616 1.402142 -0.1471454 1

0.4698245 -0.3124766 0.825605 0
0.6594291 -0.4975379 -0.5635685 0
-0.5868718 -0.8092059 0.02769926 0
0.0956899 1.401886 0.151937 1

-0.9512609 0.0422527 -0.3054794 0
0.2125322 -0.6279418 -0.7486784 0
0.2234568 0.7771127 -0.5883563 0
