MeshAnim
1
30
69
60
0.8251458 0.1303285 0.5496807 0
-0.09933235 0.9913368 -0.08593304 0
0.5561182 -0.01630624 -0.8309433 0
-0.001495606 0.7906544 -0.000280565 1

0.8094166 0.1142143 0.5760206 0
0.01956696 0.9751132 -0.2208423 0
0.5869086 -0.1900244 -0.7870381 0
-0.001889749 0.881861 -0.0213142 1

-0.9611156 0.1351324 -0.2408237 0
0.07725596 -0.7056839 -0.7043023 0
0.2651195 0.695521 -0.6678041 0
-0.07773696 0.7456497 -0.05042277 1

-0.8367226 0.2145152 -0.5038634 0
0.1654321 -0.7780863 -0.6059818 0
0.5220416 0.5903939 -0.6155547 0
0.0812486 0.7707614 0.0554873 1

0.7795242 0.01570135 0.6261752 0
0.2063796 0.9374263 -0.2804275 0
0.5913962 -0.3478298 -0.7275061 0
0.001290837 1.040365 -0.05721183 1

-0.9747453 0.02105645 -0.2223248 0
-0.1960517 -0.5574007 0.8067641 0
0.1069364 -0.8299766 -0.5474519 0
-0.0454173 0.4504301 -0.3450643 1

-0.9178321 0.1639515 -0.3615299 0
-0.3289958 -0.8237972 0.4616494 0
0.2221393 -0.5426586 -0.8100469 0
0.1504564 0.4452527 -0.1980223 1

0.7417723 -0.06898682 0.6670941 0
0.4720051 0.7603309 -0.4462152 0
0.4764294 -0.645862 -0.5965547 0
0.02956635 1.168799 -0.09563245 1

-0.947263 -0.04444598 -0.3173603 0
-0.03987289 -0.9662923 0.2543414 0
0.3179673 -0.2535822 -0.9135606 0
-0.1217662 0.2333604 -0.03088438 1

-0.8961176 0.01622297 -0.4435201 0
0.2449707 -0.8152307 -0.5247745 0
0.3700847 0.5789092 -0.7265685 0
0.02233451 0.1244389 -0.01824079 1

0.7998247 -0.04664667 0.5984183 0
0.2680494 0.9197982 -0.2865672 0
0.5370567 -0.3896092 -0.7481809 0
0.07432396 1.302435 -0.1315806 1

0.4846286 -0.7337782 -0.4761353 0
-0.7384751 -0.05147922 -0.6723126 0
-0.4688172 -0.677436 0.5668253 0
0.01400126 1.274992 -0.1594474 1

-0.2708696 0.7319158 0.6252431 0
0.7622691 -0.2335674 0.6036489 0
-0.5878566 -0.6401136 0.4946505 0
0.1051544 1.266515 -0.07747263 1

-0.9675168 0.04159851 -0.2493607 0
0.2018415 -0.4668103 -0.861016 0
0.1522212 0.8833786 -0.4432506 0
-0.1278268 0.0864839 0.007775539 1

-0.837355 0.03627108 -0.5454546 0
0.5465766 0.03818619 -0.8365381 0
0.009513304 0.9986123 0.05180038 0
0.05957006 0.0005238652 -0.09800649 1

0.7998247 -0.04664667 0.5984183 0
0.2680494 0.9197982 -0.2865672 0
0.5370567 -0.3896092 -0.7481809 0
0.09093533 1.338743 -0.1509525 1

0.8611653 0.226659 -0.4549947 0
-0.1402511 -0.7543964 -0.6412609 0
0.488594 -0.6160451 0.6178708 0
-0.07805706 1.268574 -0.2432579 1

0.3072456 0.1613322 0.9378549 0
0.6118085 -0.7883456 -0.06481826 0
-0.7288967 -0.5937028 0.3409203 0
0.2001786 1.237399 -0.002222015 1

-0.9675168 0.04159851 -0.2493607 0
0.2018415 -0.4668103 -0.861016 0
0.1522212 0.8833786 -0.4432506 0
-0.09048619 0.0001239777 -0.1515124 1

-0.837355 0.03627108 -0.5454546 0
0.5465766 0.03818619 -0.8365381 0
0.009513304 0.9986123 0.05180038 0
0.1606867 0.007588267 -0.252766 1

0.978032 -0.1355505 0.1583655 0
0.1764622 0.9428021 -0.2828164 0
0.1109716 -0.3045491 -0.9460102 0
0.1063394 1.372435 -0.1689148 1

-0.4825666 0.3837551 -0.7873127 0
0.8675196 0.08567063 -0.4899697 0
0.1205787 0.9194522 0.3742569 0
-0.1168884 1.059704 -0.4208037 1

0.2435527 -0.9370871 -0.2500996 0
-0.3740631 0.1471585 -0.9156534 0
-0.8948514 -0.3165628 0.3146889 0
0.36957 1.01913 -0.02016825 1

0.978032 -0.1355505 0.1583655 0
0.1764622 0.9428021 -0.2828164 0
0.1109716 -0.3045491 -0.9460102 0
0.1846576 1.705333 -0.3682474 1

0.1109737 -0.3045494 -0.9460099 0
-0.9780318 0.1355498 -0.1583676 0
-0.1764622 -0.9428021 0.2828164 0
0.1004962 1.490369 -0.3532968 1

-0.1109548 0.3045488 0.9460121 0
0.9780337 -0.1355556 0.1583497 0
-0.1764624 -0.9428015 0.2828184 0
0.2000611 1.47657 -0.337175 1

-0.5544133 -0.3676484 -0.746633 0
0.7832673 0.07270944 -0.6174186 0
-0.2812803 0.9271181 -0.2476558 0
0.1251044 1.083602 -0.5574798 1

-0.161596 -0.943577 -0.2890491 0
-0.09466732 0.3063695 -0.9471937 0
-0.9823058 0.1256994 0.1388342 0
0.2652259 1.060179 -0.2755879 1

-0.8023317 -0.3549759 -0.47985 0
0.3350347 0.3975011 -0.8542509 0
-0.4939794 0.8461592 0.1999985 0
0.1271283 1.09005 -0.593365 1

-0.606656 -0.211283 -0.7663735 0
0.6545675 0.4143035 -0.6323714 0
-0.4511207 0.885275 0.1130408 0
0.1945075 1.085613 -0.6394997 1

-0.6157148 -0.2014381 -0.7617862 0
0.6526322 0.4113766 -0.6362708 0
-0.4415504 0.8889273 0.1218257 0
0.2075253 1.091782 -0.6218693 1

-0.5577 -0.3456599 -0.7546456 0
0.6628929 0.3616838 -0.6555592 0
-0.4995435 0.8658544 -0.02742447 0
0.2182658 1.10054 -0.6031625 1

-0.4817545 -0.4917694 -0.7253107 0
0.7539434 0.1892536 -0.6290886 0
-0.4466341 0.8499093 -0.2795925 0
0.2261765 1.109494 -0.585262 1

0.09634149 -0.7089065 -0.6986916 0
-0.4849016 0.5795971 -0.6549332 0
-0.869246 -0.4018938 0.2879106 0
0.2526523 1.09138 -0.2897992 1

-0.1440348 -0.9718469 -0.1864612 0
-0.2023969 0.2133741 -0.9557755 0
-0.9686534 0.09992576 0.2274322 0
0.2562175 1.113507 -0.3684489 1

-0.07265546 -0.9935338 -0.08724703 0
-0.1367186 0.09657373 -0.9858912 0
-0.987942 0.05970208 0.1428514 0
0.2548493 1.091772 -0.3750888 1

-0.332439 -0.9424937 -0.03449868 0
-0.3224241 0.1479492 -0.9349619 0
-0.8862995 0.2996946 0.3530669 0
0.2508848 1.069229 -0.3793437 1

-0.4279203 -0.9024495 -0.04969046 0
-0.2306404 0.162192 -0.9594263 0
-0.8738931 0.3990975 0.2775467 0
0.2462714 1.048291 -0.3812155 1

-0.0946674 0.3063697 -0.9471939 0
0.1615961 0.9435769 0.2890492 0
-0.9823058 0.1256994 0.1388342 0
0.2265017 1.117607 -0.3998919 1

-0.6992664 -0.2451427 -0.6715144 0
0.5041217 0.4969102 -0.7063579 0
-0.5068409 0.8324573 0.2238909 0
0.1422515 1.107993 -0.6319253 1

-0.5796878 -0.1800298 -0.7947021 0
0.3893862 0.7955193 -0.464249 0
-0.7157797 0.5785655 0.3910517 0
0.2308313 1.108603 -0.674592 1

-0.58008 -0.14396 -0.8017372 0
0.1827976 0.9361477 -0.3003541 0
-0.7937835 0.3207851 0.5167252 0
0.2454132 1.115664 -0.6588073 1

-0.5241926 -0.2544018 -0.8127126 0
-0.1753561 0.9661299 -0.1893226 0
-0.8333499 -0.04327254 0.5510491 0
0.2541875 1.12014 -0.6386868 1

-0.4357118 -0.4408675 -0.7847237 0
0.1592471 0.8203198 -0.5492866 0
-0.885887 0.3642955 0.2872162 0
0.2539554 1.116467 -0.6084406 1

0.2504585 -0.8850412 -0.3923936 0
-0.431426 0.2608093 -0.8636262 0
-0.8666845 -0.3855913 0.3165079 0
0.2307634 1.117543 -0.3193635 1

-0.1391569 -0.9753338 -0.1713455 0
-0.394372 0.2132986 -0.8938537 0
-0.9083536 0.05681204 0.4143265 0
0.2449859 1.125348 -0.4214877 1

0.03505995 -0.9991021 -0.02379306 0
-0.9338741 -0.04123031 0.355217 0
0.355879 -0.009765714 0.9344811 0
0.2469123 1.097378 -0.4323236 1

-0.2077217 -0.9781699 -0.005947545 0
-0.6981467 0.1439924 0.7013255 0
0.685159 -0.1498328 0.7128165 0
0.2334128 1.077246 -0.4300089 1

-0.3275571 -0.9448136 0.005824283 0
-0.8875855 0.3098183 0.3408884 0
0.3238801 -0.1064907 0.9400858 0
0.2377735 1.054267 -0.4165654 1

-0.7977521 -0.4937291 -0.346155 0
0.3518198 0.0851028 -0.9321912 0
-0.4897088 0.8654416 -0.1058128 0
0.1683583 1.133726 -0.6685054 1

-0.5688553 -0.1339335 -0.8114588 0
0.0279967 0.9829255 -0.1818611 0
-0.821961 0.1261711 0.5553928 0
0.2440358 1.13558 -0.6903351 1

-0.5879346 -0.06914461 -0.8059479 0
-0.3760865 0.9054725 0.1966699 0
-0.7161648 -0.4187351 0.5583627 0
0.2521438 1.150133 -0.6698664 1

-0.6194788 -0.09306284 -0.7794775 0
-0.4953679 0.8166291 0.2961882 0
-0.6089799 -0.5696104 0.5519848 0
0.2476504 1.156156 -0.6457447 1

-0.4405921 -0.3891635 -0.8089687 0
-0.3076668 0.9120326 -0.2711778 0
-0.8433384 -0.1294141 0.5215672 0
0.2584385 1.139561 -0.623904 1

0.3230331 -0.9439155 0.06836171 0
-0.06156507 -0.09304065 -0.993757 0
-0.944383 -0.3168076 0.08816755 0
0.2084221 1.131049 -0.3640861 1

-0.1091699 -0.984565 -0.1367989 0
-0.8361775 0.1653745 -0.5229322 0
-0.5374839 -0.05729969 0.8413252 0
0.2316123 1.132581 -0.4517992 1

0.08632595 -0.9911213 -0.1011275 0
0.03912628 -0.09805522 0.9944115 0
0.9954984 0.08980019 -0.03031436 0
0.2125272 1.09586 -0.4192446 1

-0.1960729 -0.974875 -0.1057084 0
0.5190697 -0.1946442 0.8322743 0
0.8319387 -0.1083164 -0.5441925 0
0.2073861 1.082614 -0.4038637 1

-0.2750329 -0.9578257 -0.08322755 0
0.09634519 -0.1135877 0.9888456 0
0.9565954 -0.2639465 -0.1235223 0
0.2127865 1.062989 -0.4069688 1

-0.7977521 -0.4937291 -0.346155 0
0.3518198 0.0851028 -0.9321912 0
-0.4897088 0.8654416 -0.1058128 0
0.1793824 1.136393 -0.6977151 1

-0.5688553 -0.1339335 -0.8114588 0
0.0279967 0.9829255 -0.1818611 0
-0.821961 0.1261711 0.5553928 0
0.244761 1.161041 -0.6950458 1

-0.5879346 -0.06914461 -0.8059479 0
-0.3760865 0.9054725 0.1966699 0
-0.7161648 -0.4187351 0.5583627 0
0.2446407 1.168198 -0.6659428 1

-0.6194788 -0.09306284 -0.7794775 0
-0.4953679 0.8166291 0.2961882 0
-0.6089799 -0.5696104 0.5519848 0
0.2393259 1.169879 -0.6407673 1

-0.4405921 -0.3891635 -0.8089687 0
-0.3076668 0.9120326 -0.2711778 0
-0.8433384 -0.1294141 0.5215672 0
0.2518136 1.159199 -0.6297432 1

0.3230331 -0.9439155 0.06836171 0
-0.06156507 -0.09304065 -0.993757 0
-0.944383 -0.3168076 0.08816755 0
0.2064927 1.128134 -0.395229 1

-0.1091699 -0.984565 -0.1367989 0
-0.8361775 0.1653745 -0.5229322 0
-0.5374839 -0.05729969 0.8413252 0
0.2099533 1.136865 -0.4653444 1

0.08632595 -0.9911213 -0.1011275 0
0.03912628 -0.09805522 0.9944115 0
0.9954984 0.08980019 -0.03031436 0
0.2133078 1.093904 -0.3994052 1

-0.1960729 -0.974875 -0.1057084 0
0.5190697 -0.1946442 0.8322743 0
0.8319387 -0.1083164 -0.5441925 0
0.2161089 1.079343 -0.3898778 1

-0.2750329 -0.9578257 -0.08322755 0
0.09634519 -0.1135877 0.9888456 0
0.9565954 -0.2639465 -0.1235223 0
0.2148611 1.060543 -0.3856763 1

0.8419846 0.1035447 0.5294719 0
-0.09239441 0.9945853 -0.04757448 0
0.531531 0.008863263 -0.8469924 0
0.005849303 0.7984096 -0.0001367101 1

0.8276111 0.1173901 0.5488893 0
0.002390048 0.9771401 -0.2125832 0
0.5612969 -0.1772481 -0.8084113 0
0.005707501 0.890313 -0.01788438 1

-0.9616812 0.1425964 -0.2341709 0
0.08975095 -0.6433128 -0.7603249 0
0.2590645 0.752207 -0.6058631 0
-0.07224135 0.7558789 -0.04958763 1

-0.8306766 0.1629439 -0.5323777 0
0.1530422 -0.8525522 -0.4997331 0
0.535308 0.4965927 -0.6832576 0
0.08998863 0.7758301 0.05242873 1

0.8005478 0.01423393 0.5990998 0
0.1892412 0.9425579 -0.275268 0
0.5686043 -0.3337395 -0.751869 0
0.006095998 1.049146 -0.0524395 1

-0.9698568 0.03322461 -0.2414013 0
-0.190253 -0.7222415 0.6649595 0
0.1522569 -0.6908429 -0.7067917 0
-0.03469449 0.4867521 -0.367666 1

-0.9174559 0.1376534 -0.3732646 0
-0.3388897 -0.7618726 0.552 0
0.2083953 -0.6329312 -0.7456337 0
0.1540131 0.4191689 -0.1566322 1

0.7662797 -0.07335126 0.6383065 0
0.4501756 0.7701302 -0.4519308 0
0.4584293 -0.6336554 -0.6231561 0
0.03202344 1.178283 -0.09015322 1

-0.9499115 -0.02081212 -0.3118262 0
0.0200574 -0.9997833 0.005627584 0
0.3118755 0.0009084642 -0.9501226 0
-0.1087851 0.2054878 -0.1087093 1

-0.8958494 0.01465644 -0.4441164 0
0.24562 -0.8165594 -0.5224002 0
0.3703038 0.5770757 -0.7279142 0
0.02203822 0.1224705 0.05833484 1

0.8197186 -0.04878241 0.5706854 0
0.2540405 0.9239671 -0.2859164 0
0.5133468 -0.3793482 -0.7697856 0
0.07453541 1.312748 -0.1257363 1

0.5322894 -0.7163659 -0.4510963 0
-0.7171504 -0.09842042 -0.6899339 0
-0.4498479 -0.6907483 0.5661302 0
0.01341158 1.285279 -0.1517726 1

-0.2455212 0.7166694 0.6527666 0
0.7891152 -0.2433541 0.5639824 0
-0.5630423 -0.6535777 0.5057861 0
0.1075763 1.276267 -0.07333537 1

-0.9762155 0.02403843 -0.2154667 0
0.1992373 -0.2924093 -0.9353083 0
0.08548766 0.9559916 -0.2806649 0
-0.1057364 0.05352074 -0.1078539 1

-0.8370321 0.03445011 -0.5460686 0
0.5470787 0.03612556 -0.8363015 0
0.009083748 0.9987535 0.04908521 0
0.05937245 -0.001646578 -0.02106998 1

0.8197186 -0.04878241 0.5706854 0
0.2540405 0.9239671 -0.2859164 0
0.5133468 -0.3793482 -0.7697856 0
0.09031902 1.349332 -0.1452802 1

0.8530742 0.2405657 -0.4630255 0
-0.1408233 -0.7483051 -0.648235 0
0.5024275 -0.6181973 0.6044824 0
-0.07598841 1.27301 -0.2377798 1

0.3270976 0.1630307 0.9308214 0
0.6068833 -0.7912753 -0.07467359 0
-0.7243618 -0.5893254 0.3577648 0
0.2059471 1.245931 -0.003029569 1

-0.9762155 0.02403843 -0.2154667 0
0.1992373 -0.2924093 -0.9353083 0
0.08548766 0.9559916 -0.2806649 0
-0.06887746 -0.0005748272 -0.280886 1

-0.8370321 0.03445011 -0.5460686 0
0.5470787 0.03612556 -0.8363015 0
0.009083748 0.9987535 0.04908521 0
0.160582 0.005036712 -0.1757858 1

0.9786416 -0.1414439 0.1491781 0
0.1809557 0.9370541 -0.2986382 0
0.0975472 -0.3192543 -0.9426352 0
0.1049554 1.38328 -0.1634017 1

-0.5017666 0.3709088 -0.7814456 0
0.8577533 0.09663161 -0.504898 0
0.1117587 0.9236284 0.3666348 0
-0.1149781 1.065827 -0.4172566 1

0.2375069 -0.9401422 -0.2443844 0
-0.3875042 0.1390001 -0.9113287 0
-0.8907477 -0.3111466 0.3312953 0
0.3739748 1.02685 -0.02370446 1

0.9786416 -0.1414439 0.1491781 0
0.1809557 0.9370541 -0.2986382 0
0.0975472 -0.3192543 -0.9426352 0
0.1837123 1.712561 -0.3684862 1

0.09754941 -0.3192547 -0.9426349 0
-0.9786415 0.1414433 -0.14918 0
-0.1809557 -0.9370541 0.2986382 0
0.09795986 1.498554 -0.3494187 1

-0.09753039 0.319254 0.9426369 0
0.9786433 -0.1414493 0.1491622 0
-0.1809559 -0.9370531 0.2986402 0
0.1975868 1.484155 -0.3342323 1

-0.5565642 -0.364017 -0.746812 0
0.7818567 0.07449421 -0.6189919 0
-0.2809567 0.9284086 -0.2431481 0
0.1242902 1.092782 -0.5580967 1

-0.1613266 -0.943776 -0.2885502 0
-0.09119019 0.3053845 -0.947853 0
-0.9826792 0.1266011 0.1353293 0
0.2658813 1.065624 -0.2779177 1

-0.80383 -0.3522047 -0.4793846 0
0.3333789 0.4007002 -0.8534036 0
-0.4926622 0.8458082 0.2046773 0
0.1262345 1.099377 -0.5939598 1

-0.6086996 -0.2075203 -0.7657809 0
0.6534592 0.4162731 -0.6322243 0
-0.4499733 0.8852414 0.1177792 0
0.1934986 1.095064 -0.6402742 1

-0.6177377 -0.1976856 -0.7611313 0
0.6515115 0.4133642 -0.636131 0
-0.4403784 0.888848 0.1265563 0
0.2065647 1.101148 -0.6226496 1

-0.5598485 -0.3419924 -0.7547259 0
0.6616769 0.3637413 -0.6556492 0
-0.4987519 0.8664491 -0.02264839 0
0.2173586 1.109818 -0.6039326 1

-0.4839774 -0.4882963 -0.7261772 0
0.75262 0.1911143 -0.6301097 0
-0.446463 0.8514943 -0.2750064 0
0.2253211 1.11869 -0.5860144 1

0.09819099 -0.709759 -0.6975681 0
-0.4822138 0.5792348 -0.6572347 0
-0.8705337 -0.4009113 0.2853796 0
0.2533803 1.096818 -0.2922068 1

-0.1441381 -0.9719447 -0.1858712 0
-0.1989608 0.2124615 -0.9567001 0
-0.9693499 0.1009159 0.2240024 0
0.2572316 1.118855 -0.3708682 1

-0.07311543 -0.993575 -0.08638921 0
-0.133269 0.09557771 -0.9864606 0
-0.9883795 0.06061273 0.1394008 0
0.2558696 1.097113 -0.3774888 1

-0.3330391 -0.9422787 -0.03458765 0
-0.3191082 0.1471511 -0.9362247 0
-0.887274 0.3007624 0.349696 0
0.2519024 1.074569 -0.3817321 1

-0.4284372 -0.9021789 -0.05015083 0
-0.2272306 0.1612968 -0.9603906 0
-0.8745329 0.4000714 0.274108 0
0.2472795 1.053632 -0.3835964 1

-0.09119028 0.3053846 -0.9478529 0
0.1613266 0.943776 0.2885503 0
-0.9826792 0.1266011 0.1353293 0
0.2276267 1.122942 -0.4024175 1

-0.7011159 -0.2416813 -0.6708404 0
0.5029181 0.4993322 -0.7055075 0
-0.5054801 0.8320205 0.2285439 0
0.1412831 1.117464 -0.6324819 1

-0.5817686 -0.1761767 -0.7940449 0
0.3890584 0.7970501 -0.4618925 0
-0.7142682 0.5776446 0.3951555 0
0.2297609 1.118164 -0.6753581 1

-0.5821421 -0.1400777 -0.8009301 0
0.1830023 0.937202 -0.2969227 0
-0.7922255 0.3194233 0.51995 0
0.2443876 1.125146 -0.6595796 1

-0.5263903 -0.250528 -0.8124956 0
-0.1748545 0.9670755 -0.1849087 0
-0.8320693 -0.04473428 0.5528648 0
0.2532144 1.129529 -0.6394619 1

-0.4380269 -0.4371943 -0.7854897 0
0.1587407 0.822427 -0.5462742 0
-0.8848357 0.363972 0.2908444 0
0.2530512 1.125732 -0.6092307 1

0.2511241 -0.8856689 -0.3905482 0
-0.4282677 0.2601736 -0.8653883 0
-0.8680574 -0.3845789 0.3139673 0
0.2316127 1.122965 -0.3218749 1

-0.1393148 -0.9754186 -0.1707352 0
-0.3911468 0.212601 -0.8954359 0
-0.9097229 0.05796507 0.4111499 0
0.2461907 1.130645 -0.4239584 1

0.03437778 -0.9991546 -0.0225606 0
-0.9351162 -0.04012385 0.3520627 0
0.3526703 -0.008993693 0.9357047 0
0.2481328 1.102662 -0.4347566 1

-0.2084475 -0.9780179 -0.005569935 0
-0.7004335 0.1453057 0.69877 0
0.6826001 -0.1495583 0.715325 0
0.2346101 1.082543 -0.4324658 1

-0.3282969 -0.9445572 0.005754411 0
-0.8885105 0.3108734 0.3375017 0
0.3205788 -0.105688 0.9413077 0
0.2389072 1.059575 -0.4189818 1

-0.7990672 -0.4915138 -0.3462753 0
0.3496684 0.08861047 -0.9326737 0
-0.4891054 0.8663504 -0.101061 0
0.1673276 1.143323 -0.6690179 1

-0.5709308 -0.1300223 -0.8106371 0
0.02853213 0.9836412 -0.1778663 0
-0.8205025 0.1246787 0.5578809 0
0.2429543 1.145193 -0.6910213 1

-0.5899328 -0.06523792 -0.8048129 0
-0.3747189 0.9050194 0.2013106 0
-0.715238 -0.4203383 0.5583461 0
0.2511257 1.159653 -0.6705123 1

-0.6214371 -0.0892345 -0.7783659 0
-0.4938492 0.8158826 0.3007473 0
-0.6082178 -0.5712909 0.5510876 0
0.246696 1.165581 -0.646355 1

-0.4429145 -0.3853857 -0.8095093 0
-0.3074144 0.9134465 -0.2666686 0
-0.8422135 -0.1307435 0.5230516 0
0.25752 1.148885 -0.6246092 1

0.3220758 -0.9440841 0.07051831 0
-0.0582338 -0.09410265 -0.9938581 0
-0.9449213 -0.315991 0.08528557 0
0.2094349 1.136438 -0.3666887 1

-0.1094531 -0.9846337 -0.1360758 0
-0.8342561 0.1654267 -0.5259766 0
-0.5404047 -0.05595229 0.839543 0
0.2329265 1.137854 -0.4543235 1

0.08591436 -0.991299 -0.09972778 0
0.03564703 -0.09697533 0.9946485 0
0.9956649 0.08900937 -0.02700511 0
0.213702 1.101185 -0.4217937 1

-0.1964547 -0.974843 -0.1052938 0
0.5160687 -0.1941102 0.8342631 0
0.8337141 -0.1095562 -0.5412196 0
0.2084982 1.08796 -0.4064158 1

-0.275478 -0.9577087 -0.08310263 0
0.09287262 -0.1125576 0.9892958 0
0.9568108 -0.2648115 -0.1199519 0
0.2138942 1.068327 -0.4094805 1

-0.7990672 -0.4915138 -0.3462753 0
0.3496684 0.08861047 -0.9326737 0
-0.4891054 0.8663504 -0.101061 0
0.1782843 1.1461 -0.6982427 1

-0.5709308 -0.1300223 -0.8106371 0
0.02853213 0.9836412 -0.1778663 0
-0.8205025 0.1246787 0.5578809 0
0.2436934 1.170672 -0.6956287 1

-0.5899328 -0.06523792 -0.8048129 0
-0.3747189 0.9050194 0.2013106 0
-0.715238 -0.4203383 0.5583461 0
0.2436498 1.177709 -0.666496 1

-0.6214371 -0.0892345 -0.7783659 0
-0.4938492 0.8158826 0.3007473 0
-0.6082178 -0.5712909 0.5510876 0
0.2383971 1.179291 -0.6413012 1

-0.4429145 -0.3853857 -0.8095093 0
-0.3074144 0.9134465 -0.2666686 0
-0.8422135 -0.1307435 0.5230516 0
0.2509005 1.168554 -0.6303512 1

0.3220758 -0.9440841 0.07051831 0
-0.0582338 -0.09410265 -0.9938581 0
-0.9449213 -0.315991 0.08528557 0
0.20761 1.133489 -0.397835 1

-0.1094531 -0.9846337 -0.1360758 0
-0.8342561 0.1654267 -0.5259766 0
-0.5404047 -0.05595229 0.839543 0
0.2113173 1.142139 -0.4679476 1

0.08591436 -0.991299 -0.09972778 0
0.03564703 -0.09697533 0.9946485 0
0.9956649 0.08900937 -0.02700511 0
0.2144132 1.09925 -0.4019496 1

-0.1964547 -0.974843 -0.1052938 0
0.5160687 -0.1941102 0.8342631 0
0.8337141 -0.1095562 -0.5412196 0
0.2171705 1.084698 -0.3923964 1

-0.275478 -0.9577087 -0.08310263 0
0.09287262 -0.1125576 0.9892958 0
0.9568108 -0.2648115 -0.1199519 0
0.215894 1.065903 -0.3881784 1

0.8547698 0.08452345 0.5120785 0
-0.08695412 0.9960262 -0.0192584 0
0.5116714 0.02806583 -0.8587227 0
0.01236948 0.8098351 0.0002630132 1

0.8430538 0.122316 0.5237358 0
-0.01305387 0.9781623 -0.2074323 0
0.5376709 -0.1680398 -0.82624 0
0.0124164 0.9021743 -0.01505712 1

-0.9598612 0.1527945 -0.2352039 0
0.1023918 -0.5898176 -0.801019 0
0.2611185 0.7929497 -0.5504978 0
-0.06713095 0.7690897 -0.04843912 1

-0.8221958 0.1011768 -0.5601407 0
0.1388815 -0.9186755 -0.3697937 0
0.5520021 0.381836 -0.7412794 0
0.09756242 0.785376 0.05022596 1

0.8207107 0.01535383 0.5711376 0
0.1735638 0.9456977 -0.27483 0
0.5443433 -0.3246847 -0.7734793 0
0.01029451 1.061173 -0.04877498 1

-0.9662719 0.06338191 -0.249603 0
-0.1797964 -0.859946 0.4776673 0
0.1843696 -0.5064344 -0.8423374 0
-0.02429584 0.5223422 -0.3835417 1

-0.9165292 0.108432 -0.3849894 0
-0.3423697 -0.7103177 0.6150056 0
0.2067786 -0.6954795 -0.6881506 0
0.1556629 0.4010524 -0.1044755 1

0.7910896 -0.07624535 0.6069298 0
0.4293042 0.7760013 -0.4620824 0
0.4357467 -0.626106 -0.646619 0
0.03407402 1.190741 -0.0864287 1

-0.9532663 0.00279782 -0.302119 0
0.06856818 -0.971862 -0.225351 0
0.2942483 0.2355351 -0.9262511 0
-0.09431436 0.1874515 -0.1975226 1

-0.8954303 0.01273641 -0.4450197 0
0.2480162 -0.8158438 -0.5223862 0
0.3697198 0.5781325 -0.7273722 0
0.02233277 0.1244312 0.1350281 1

0.8400713 -0.05065093 0.5401062 0
0.2417845 0.9262291 -0.2892058 0
0.4856136 -0.3735427 -0.7903451 0
0.07467724 1.325692 -0.1223989 1

0.5723399 -0.7000654 -0.4270074 0
-0.6977268 -0.1421707 -0.7021145 0
-0.4308183 -0.6997828 0.5698246 0
0.01267202 1.298227 -0.1462644 1

-0.2102865 0.7070209 0.6752046 0
0.8157393 -0.2537675 0.51978 0
-0.5388404 -0.6600935 0.523381 0
0.1098855 1.288859 -0.07168288 1

-0.9807392 0.0185323 -0.1944422 0
0.1870108 -0.1982299 -0.9621496 0
0.05637504 0.9799805 -0.1909459 0
-0.08389197 0.0397284 -0.2317759 1

-0.8365551 0.03269409 -0.5469067 0
0.5478415 0.03761942 -0.835736 0
0.006749332 0.9987575 0.04938194 0
0.06003121 0.0004230142 0.0556254 1

0.8400713 -0.05065093 0.5401062 0
0.2417845 0.9262291 -0.2892058 0
0.4856136 -0.3735427 -0.7903451 0
0.08967187 1.362428 -0.1422762 1

0.8484149 0.265393 -0.4579945 0
-0.1188811 -0.7475947 -0.653429 0
0.5158095 -0.6088259 0.6027201 0
-0.07430658 1.280504 -0.2337899 1

0.3405427 0.1707592 0.9245927 0
0.5969199 -0.7990379 -0.07228449 0
-0.7264417 -0.5765237 0.3740363 0
0.2115752 1.257224 -0.006887316 1

-0.9807392 0.0185323 -0.1944422 0
0.1870108 -0.1982299 -0.9621496 0
0.05637504 0.9799805 -0.1909459 0
-0.04929497 0.003055871 -0.4097736 1

-0.8365551 0.03269409 -0.5469067 0
0.5478415 0.03761942 -0.835736 0
0.006749332 0.9987575 0.04938194 0
0.1613819 0.007382572 -0.09898578 1

0.9788997 -0.1483113 0.1405672 0
0.1862399 0.9306129 -0.3150783 0
0.084084 -0.3346093 -0.9385982 0
0.1035767 1.396517 -0.1607066 1

-0.5233458 0.3435057 -0.7798161 0
0.8448071 0.08951943 -0.5275294 0
0.1114006 0.9348744 0.3370456 0
-0.1072213 1.073517 -0.4147049 1

0.219126 -0.9463475 -0.2375087 0
-0.3990551 0.1352084 -0.9069034 0
-0.8903588 -0.2935051 0.3480171 0
0.3768444 1.035994 -0.02690072 1

0.9788997 -0.1483113 0.1405672 0
0.1862399 0.9306129 -0.3150783 0
0.084084 -0.3346093 -0.9385982 0
0.1830721 1.721852 -0.3717172 1

0.08408609 -0.3346097 -0.9385978 0
-0.9788994 0.1483106 -0.1405692 0
-0.1862399 -0.9306129 0.3150783 0
0.0955696 1.508978 -0.3483971 1

-0.08406723 0.3346088 0.9385997 0
0.978901 -0.1483169 0.1405516 0
-0.1862401 -0.9306121 0.3150804 0
0.1952227 1.49388 -0.3340872 1

-0.5512742 -0.3663234 -0.7496026 0
0.7883987 0.06525258 -0.6116941 0
-0.2729912 0.9281969 -0.2528368 0
0.1284359 1.098488 -0.5618581 1

-0.1647294 -0.9436973 -0.2868791 0
-0.08504242 0.3033583 -0.9490743 0
-0.9826658 0.1319436 0.1302263 0
0.2655288 1.07371 -0.2798796 1

-0.8011104 -0.3510528 -0.4847516 0
0.3442237 0.3923251 -0.8529896 0
-0.4896247 0.8502018 0.193455 0
0.1307757 1.104802 -0.5977479 1

-0.6022853 -0.2096693 -0.7702539 0
0.6621773 0.4076721 -0.6287486 0
-0.4458402 0.8887308 0.1066966 0
0.1984698 1.099747 -0.6433553 1

-0.6113104 -0.1997471 -0.7657681 0
0.6602513 0.4047455 -0.6326526 0
-0.4363116 0.8923465 0.1155418 0
0.2113962 1.105886 -0.625647 1

-0.5543485 -0.3443398 -0.7577124 0
0.6703143 0.3549189 -0.6516989 0
-0.4933321 0.8691737 -0.03406718 0
0.2220549 1.114632 -0.6068881 1

-0.4796374 -0.4908693 -0.7273207 0
0.7599694 0.1819561 -0.6239702 0
-0.4386281 0.8520208 -0.2857727 0
0.2298917 1.123592 -0.5889577 1

0.09795418 -0.7120741 -0.6952379 0
-0.4760698 0.5799512 -0.6610705 0
-0.8739352 -0.3957362 0.2821883 0
0.253256 1.10493 -0.2943101 1

-0.1481822 -0.971684 -0.1840451 0
-0.1932404 0.210961 -0.9582034 0
-0.969897 0.1064238 0.2190293 0
0.2576004 1.126741 -0.3730088 1

-0.07775319 -0.9934139 -0.08416347 0
-0.1280011 0.09366739 -0.9873409 0
-0.9887216 0.06599592 0.1344412 0
0.2561598 1.104989 -0.3795795 1

-0.3376602 -0.9406626 -0.03375816 0
-0.3138168 0.1463154 -0.9381424 0
-0.8874147 0.3061795 0.3446007 0
0.2520985 1.082454 -0.3837834 1

-0.4327765 -0.9001198 -0.04988863 0
-0.2217523 0.1599309 -0.9618982 0
-0.8738025 0.405224 0.2688179 0
0.2473782 1.061537 -0.3856158 1

-0.08504233 0.3033584 -0.9490741 0
0.1647295 0.9436975 0.2868791 0
-0.9826658 0.1319436 0.1302263 0
0.22817 1.130896 -0.4047121 1

-0.6958423 -0.2425736 -0.6759893 0
0.5128694 0.4910636 -0.7041463 0
-0.5027609 0.8366687 0.2172943 0
0.1463138 1.122512 -0.6362513 1

-0.5748885 -0.1786973 -0.79848 0
0.3983699 0.7912637 -0.4639002 0
-0.7147059 0.5847813 0.3837006 0
0.2352159 1.12237 -0.6782463 1

-0.5749785 -0.1426494 -0.8056369 0
0.1915233 0.9338575 -0.3020419 0
-0.795436 0.3279656 0.5096273 0
0.2497264 1.129383 -0.662375 1

-0.5197735 -0.2535093 -0.8158238 0
-0.1672446 0.9666743 -0.1938306 0
-0.8377737 -0.03569431 0.5448499 0
0.2583789 1.133865 -0.6422032 1

-0.4327963 -0.4404845 -0.7865499 0
0.1690575 0.8173618 -0.5507628 0
-0.8854983 0.3713401 0.279284 0
0.2578925 1.130296 -0.6119477 1

0.248501 -0.8879532 -0.3870234 0
-0.4227411 0.2600758 -0.8681306 0
-0.8715143 -0.3793417 0.3107453 0
0.2317658 1.131109 -0.3241514 1

-0.1434497 -0.9751427 -0.1688768 0
-0.3857177 0.2122369 -0.897874 0
-0.9113969 0.06366104 0.4065751 0
0.246877 1.138448 -0.4261824 1

0.02939997 -0.9993717 -0.01979931 0
-0.9370024 -0.03445196 0.34762 0
0.3480837 -0.008331984 0.9374266 0
0.2487289 1.110427 -0.4368984 1

-0.213394 -0.976958 -0.004043147 0
-0.7030609 0.1506915 0.6949805 0
0.6783572 -0.1511472 0.7190174 0
0.235093 1.090383 -0.434621 1

-0.3331251 -0.9428594 0.006612122 0
-0.8885407 0.3162647 0.3323744 0
0.3154735 -0.1048471 0.9431245 0
0.2392078 1.067429 -0.4210567 1

-0.7985002 -0.4893861 -0.3505691 0
0.3594409 0.07955968 -0.9297702 0
-0.4829077 0.8684307 -0.112377 0
0.1728737 1.147942 -0.6727169 1

-0.5636116 -0.1327331 -0.8153059 0
0.036157 0.9820955 -0.1848817 0
-0.8252483 0.1336806 0.5487213 0
0.2487251 1.149202 -0.6939777 1

-0.5822843 -0.06779626 -0.8101535 0
-0.3713032 0.9086912 0.1908256 0
-0.723242 -0.4119275 0.5542895 0
0.2567782 1.163768 -0.6734961 1

-0.6141922 -0.09140834 -0.7838446 0
-0.4919445 0.8210044 0.2897282 0
-0.6170563 -0.563557 0.5492224 0
0.2521441 1.169902 -0.6494291 1

-0.4371361 -0.3888295 -0.8110015 0
-0.2993027 0.9132146 -0.2765084 0
-0.8481332 -0.1218633 0.515577 0
0.2626518 1.153306 -0.6274527 1

0.3169203 -0.9455192 0.07453237 0
-0.05389774 -0.09641021 -0.9938813 0
-0.9469196 -0.3109641 0.08151573 0
0.2098742 1.144578 -0.3691072 1

-0.1138037 -0.9844185 -0.1340491 0
-0.8308457 0.1682817 -0.5304495 0
-0.5447425 -0.05100675 0.837051 0
0.2337969 1.145645 -0.4566303 1

0.0813489 -0.9919803 -0.09673545 0
0.0303348 -0.09454787 0.9950583 0
0.996224 0.08388122 -0.02240026 0
0.2142286 1.109159 -0.4240992 1

-0.2009024 -0.9741055 -0.1037155 0
0.5110271 -0.194541 0.8372608 0
0.8357571 -0.1152064 -0.5368779 0
0.2088831 1.096 -0.4087124 1

-0.279944 -0.9565119 -0.08195289 0
0.08750564 -0.1104345 0.9900239 0
0.9560201 -0.2699802 -0.1146159 0
0.2141939 1.076333 -0.4116999 1

-0.7985002 -0.4893861 -0.3505691 0
0.3594409 0.07955968 -0.9297702 0
-0.4829077 0.8684307 -0.112377 0
0.1841364 1.150435 -0.7018505 1

-0.5636116 -0.1327331 -0.8153059 0
0.036157 0.9820955 -0.1848817 0
-0.8252483 0.1336806 0.5487213 0
0.2496616 1.174641 -0.6987666 1

-0.5822843 -0.06779626 -0.8101535 0
-0.3713032 0.9086912 0.1908256 0
-0.723242 -0.4119275 0.5542895 0
0.2493705 1.181897 -0.669689 1

-0.6141922 -0.09140834 -0.7838446 0
-0.4919445 0.8210044 0.2897282 0
-0.6170563 -0.563557 0.5492224 0
0.2438772 1.183699 -0.6445603 1

-0.4371361 -0.3888295 -0.8110015 0
-0.2993027 0.9132146 -0.2765084 0
-0.8481332 -0.1218633 0.515577 0
0.2562071 1.17297 -0.6334068 1

0.3169203 -0.9455192 0.07453237 0
-0.05389774 -0.09641021 -0.9938813 0
-0.9469196 -0.3109641 0.08151573 0
0.2081852 1.141556 -0.4002541 1

-0.1138037 -0.9844185 -0.1340491 0
-0.8308457 0.1682817 -0.5304495 0
-0.5447425 -0.05100675 0.837051 0
0.2122759 1.150004 -0.4703701 1

0.0813489 -0.9919803 -0.09673545 0
0.0303348 -0.09454787 0.9950583 0
0.996224 0.08388122 -0.02240026 0
0.2148338 1.107272 -0.4042468 1

-0.2009024 -0.9741055 -0.1037155 0
0.5110271 -0.194541 0.8372608 0
0.8357571 -0.1152064 -0.5368779 0
0.2174707 1.092731 -0.3946426 1

-0.279944 -0.9565119 -0.08195289 0
0.08750564 -0.1104345 0.9900239 0
0.9560201 -0.2699802 -0.1146159 0
0.2160781 1.073955 -0.3903821 1

0.8615333 0.08195659 0.5010424 0
-0.08501711 0.9962384 -0.01677149 0
0.5005322 0.02814797 -0.8652602 0
0.01777463 0.8217623 -0.0005184758 1

0.8528963 0.1374548 0.5036606 0
-0.02657456 0.9748981 -0.2210599 0
0.5214035 -0.1751566 -0.8351398 0
0.01782459 0.9141223 -0.01571226 1

-0.9561588 0.1645981 -0.2422156 0
0.1104938 -0.563197 -0.8189021 0
0.2712047 0.8097634 -0.5203183 0
-0.06244078 0.7812572 -0.04823881 1

-0.8087727 0.03036223 -0.5873373 0
0.1199637 -0.9691534 -0.215292 0
0.5757565 0.2445814 -0.7801822 0
0.1035558 0.7970489 0.04829988 1

0.8358362 0.02842761 0.5482425 0
0.1599098 0.9427452 -0.2926778 0
0.5251731 -0.3323 -0.7834346 0
0.01350493 1.072591 -0.05164526 1

-0.962625 0.09332076 -0.2542539 0
-0.1652713 -0.9461188 0.2784688 0
0.2145673 -0.310082 -0.9261805 0
-0.01621621 0.5456463 -0.3908226 1

-0.9142402 0.0787792 -0.3974404 0
-0.3380428 -0.6890707 0.6410217 0
0.2233653 -0.7203999 -0.6566067 0
0.153742 0.3916082 -0.0417665 1

0.8109164 -0.06720266 0.5812903 0
0.4118123 0.7712799 -0.4853225 0
0.4157226 -0.6329384 -0.6531184 0
0.03541374 1.201754 -0.09174426 1

-0.9546696 0.02014769 -0.2969858 0
0.1024861 -0.9144611 -0.3914819 0
0.2794693 0.4041725 -0.870943 0
-0.08057819 0.1771971 -0.2823779 1

-0.8969423 0.01943941 -0.4417204 0
0.2432323 -0.8125877 -0.5296599 0
0.3692328 0.582515 -0.7241158 0
0.02209693 0.1232613 0.2078686 1

0.8562497 -0.04271829 0.5147927 0
0.2318885 0.9223045 -0.3091636 0
0.4615888 -0.3840958 -0.7996289 0
0.07446142 1.336347 -0.1306566 1

0.5958692 -0.6948141 -0.4027072 0
-0.6882184 -0.183371 -0.7019476 0
-0.4138783 -0.6954194 0.587449 0
0.01177119 1.308462 -0.1521255 1

-0.1713564 0.7153616 0.677418 0
0.8377259 -0.2560773 0.4823278 0
-0.51851 -0.6501402 0.5553964 0
0.111421 1.300205 -0.08069476 1

-0.9835086 -0.01145921 -0.1804994 0
0.1796655 -0.1765387 -0.9677576 0
0.02077531 0.9842274 -0.175686 0
-0.0650003 0.03819907 -0.3418832 1

-0.838355 0.039988 -0.5436562 0
0.5450233 0.04223832 -0.8373564 0
0.01052107 0.9983073 0.05720516 0
0.05906824 -0.000252068 0.1273603 1

0.8562497 -0.04271829 0.5147927 0
0.2318885 0.9223045 -0.3091636 0
0.4615888 -0.3840958 -0.7996289 0
0.08880388 1.372815 -0.1514861 1

0.8382962 0.2694875 -0.4739577 0
-0.1253568 -0.7507463 -0.6485872 0
0.5306084 -0.6031218 0.5955658 0
-0.07402211 1.285603 -0.2396303 1

0.3376417 0.1985925 0.9200866 0
0.5834926 -0.8111799 -0.03903678 0
-0.7386031 -0.550044 0.3897654 0
0.2158516 1.268283 -0.02056796 1

-0.9835086 -0.01145921 -0.1804994 0
0.1796655 -0.1765387 -0.9677576 0
0.02077531 0.9842274 -0.175686 0
-0.03176219 0.005539358 -0.5209184 1

-0.838355 0.039988 -0.5436562 0
0.5450233 0.04223832 -0.8373564 0
0.01052107 0.9983073 0.05720516 0
0.1598975 0.007562041 -0.02755066 1

0.9787834 -0.153399 0.135838 0
0.1912807 0.9217261 -0.3373911 0
0.07344997 -0.356216 -0.9315124 0
0.102104 1.406655 -0.1707999 1

-0.5315559 0.3360522 -0.7775072 0
0.8430749 0.1213803 -0.5239194 0
0.08169022 0.933989 0.3478376 0
-0.1087296 1.077744 -0.4192047 1

0.1792139 -0.9552091 -0.2354959 0
-0.4119056 0.1445282 -0.8996922 0
-0.8934295 -0.2582392 0.3675546 0
0.3774031 1.043691 -0.03137611 1

0.9787834 -0.153399 0.135838 0
0.1912807 0.9217261 -0.3373911 0
0.07344997 -0.356216 -0.9315124 0
0.1825157 1.726507 -0.3896998 1

0.07345206 -0.3562163 -0.931512 0
-0.9787832 0.1533982 -0.13584 0
-0.1912807 -0.9217261 0.3373911 0
0.0934549 1.514954 -0.3608942 1

-0.07343322 0.3562155 0.9315138 0
0.9787846 -0.153405 0.1358224 0
-0.1912809 -0.9217253 0.3373932 0
0.1930962 1.499338 -0.3470657 1

-0.5544563 -0.3559731 -0.7522377 0
0.7901694 0.05848653 -0.6100914 0
-0.261172 0.9326642 -0.2488507 0
0.1264444 1.111603 -0.5653509 1

-0.1773005 -0.9405011 -0.289866 0
-0.08133599 0.3075278 -0.9480566 0
-0.9807901 0.1445146 0.1310214 0
0.262503 1.084007 -0.2823434 1

-0.8045328 -0.3388989 -0.4877239 0
0.3504425 0.3921224 -0.8505469 0
-0.4794969 0.855212 0.1967109 0
0.1289218 1.118058 -0.6012064 1

-0.6035094 -0.1986091 -0.7722247 0
0.6681818 0.4025049 -0.6257181 0
-0.4350975 0.8936129 0.1102084 0
0.1966256 1.11239 -0.6467271 1

-0.6124196 -0.1885984 -0.7677062 0
0.6662265 0.3996207 -0.6296391 0
-0.4255402 0.8970697 0.1190863 0
0.2095963 1.118286 -0.6289685 1

-0.5572472 -0.3339151 -0.7602475 0
0.6757103 0.3497653 -0.6489064 0
-0.4825879 0.8753085 -0.0307242 0
0.2203299 1.126811 -0.610151 1

-0.4843883 -0.4814923 -0.7304336 0
0.7631928 0.1755867 -0.621857 0
-0.4276738 0.8586819 -0.2824192 0
0.2282456 1.135589 -0.5921653 1

0.08828959 -0.7110537 -0.6975727 0
-0.4685726 0.5883378 -0.6590135 0
-0.8790022 -0.3850473 0.2812362 0
0.2506396 1.115433 -0.2966682 1

-0.1610908 -0.9690369 -0.1871293 0
-0.1907505 0.2166006 -0.957444 0
-0.9683307 0.1185405 0.2197367 0
0.2552462 1.137439 -0.3752978 1

-0.09092233 -0.9920201 -0.08734489 0
-0.1270791 0.09854871 -0.986985 0
-0.9877165 0.07863943 0.1350254 0
0.2535156 1.11573 -0.3819382 1

-0.3500916 -0.9359973 -0.0366717 0
-0.3121651 0.1534917 -0.9375466 0
-0.8831698 0.3167797 0.3459221 0
0.249155 1.093264 -0.3862134 1

-0.4446683 -0.8941473 -0.05263525 0
-0.2199366 0.1659644 -0.961293 0
-0.8682731 0.4158801 0.2704548 0
0.2441576 1.072417 -0.3881115 1

-0.08133602 0.3075279 -0.9480567 0
0.1773005 0.9405012 0.2898661 0
-0.9807901 0.1445146 0.1310214 0
0.2258627 1.142086 -0.4069763 1

-0.6976213 -0.2308112 -0.6782705 0
0.5200339 0.4880777 -0.7009599 0
-0.4928381 0.8417281 0.2204637 0
0.1447406 1.135758 -0.6395996 1

-0.5756876 -0.1678417 -0.8002581 0
0.4088162 0.7885144 -0.4594716 0
-0.7081336 0.5916706 0.3853216 0
0.233705 1.134726 -0.68145 1

-0.5753238 -0.1317617 -0.807243 0
0.2034594 0.9328632 -0.2972719 0
-0.7922165 0.3352688 0.5098903 0
0.2482735 1.141485 -0.6655217 1

-0.5214641 -0.2432404 -0.8178687 0
-0.1550615 0.9695616 -0.1894895 0
-0.8390657 -0.02800797 0.5433087 0
0.2569463 1.145765 -0.6453148 1

-0.4368338 -0.4314048 -0.7893457 0
0.1799875 0.8178342 -0.5465819 0
-0.8813519 0.3808376 0.2796102 0
0.2563652 1.142058 -0.6150775 1

0.236598 -0.8899064 -0.3899848 0
-0.4195511 0.2684565 -0.8671266 0
-0.8763552 -0.3687788 0.309845 0
0.2294879 1.141991 -0.3264167 1

-0.1563996 -0.9726069 -0.171974 0
-0.383174 0.2202282 -0.8970382 0
-0.910339 0.07440069 0.4071211 0
0.2446608 1.149459 -0.4284292 1

0.01616387 -0.9996038 -0.02304049 0
-0.9372604 -0.02317353 0.3478589 0
0.3482551 -0.01597229 0.937264 0
0.2461382 1.121451 -0.4392364 1

-0.2263068 -0.9740302 -0.007120728 0
-0.7007734 0.157732 0.6957281 0
0.6765367 -0.1624382 0.7182703 0
0.2322389 1.101582 -0.4370187 1

-0.3455726 -0.9383848 0.003689736 0
-0.8841661 0.3269184 0.3337289 0
0.3143723 -0.1120654 0.942662 0
0.2360542 1.078532 -0.4235303 1

-0.803844 -0.4778894 -0.3541989 0
0.3619559 0.07956193 -0.9287938 0
-0.4720414 0.8748096 -0.1090194 0
0.1716714 1.161034 -0.6758999 1

-0.5638199 -0.1219397 -0.8168462 0
0.04849858 0.9824451 -0.1801359 0
-0.8244726 0.1411803 0.5480083 0
0.2475684 1.161465 -0.6970311 1

-0.5817043 -0.05680405 -0.8114145 0
-0.3604634 0.9122584 0.194553 0
-0.7291683 -0.4056576 0.5511404 0
0.2557648 1.175833 -0.6764674 1

-0.6139435 -0.08014777 -0.7852705 0
-0.4823366 0.8255886 0.2928398 0
-0.6248398 -0.5585517 0.5455227 0
0.2511656 1.18191 -0.6523788 1

-0.4404992 -0.379585 -0.8135576 0
-0.2876249 0.9181183 -0.2726363 0
-0.8504308 -0.1139035 0.5136084 0
0.2614322 1.165082 -0.6304647 1

0.3044033 -0.9498669 0.07135662 0
-0.05549988 -0.09247059 -0.9941676 0
-0.9509254 -0.2986673 0.08086604 0
0.2077615 1.155893 -0.3713206 1

-0.1268674 -0.9823871 -0.1371876 0
-0.8287222 0.1809788 -0.5295907 0
-0.545091 -0.04650258 0.8370866 0
0.231667 1.156927 -0.4588486 1

0.06818046 -0.9926516 -0.09997192 0
0.02941224 -0.0981617 0.9947361 0
0.9972395 0.07076189 -0.02250344 0
0.2116284 1.120598 -0.4264283 1

-0.2138118 -0.9710206 -0.1067881 0
0.5086863 -0.2039963 0.8364356 0
0.8339803 -0.1245182 -0.5375616 0
0.2061144 1.107462 -0.4110821 1

-0.2926064 -0.9524531 -0.084939 0
0.08636597 -0.114787 0.9896289 0
0.9523249 -0.2822361 -0.1158471 0
0.2111633 1.087735 -0.4141352 1

-0.803844 -0.4778894 -0.3541989 0
0.3619559 0.07956193 -0.9287938 0
-0.4720414 0.8748096 -0.1090194 0
0.1830131 1.163527 -0.7050032 1

-0.5638199 -0.1219397 -0.8168462 0
0.04849858 0.9824451 -0.1801359 0
-0.8244726 0.1411803 0.5480083 0
0.2488247 1.186913 -0.7016971 1

-0.5817043 -0.05680405 -0.8114145 0
-0.3604634 0.9122584 0.194553 0
-0.7291683 -0.4056576 0.5511404 0
0.2485735 1.194033 -0.6725858 1

-0.6139435 -0.08014777 -0.7852705 0
-0.4823366 0.8255886 0.2928398 0
-0.6248398 -0.5585517 0.5455227 0
0.2430602 1.195783 -0.6474577 1

-0.4404992 -0.379585 -0.8135576 0
-0.2876249 0.9181183 -0.2726363 0
-0.8504308 -0.1139035 0.5136084 0
0.2552389 1.184851 -0.6363354 1

0.3044033 -0.9498669 0.07135662 0
-0.05549988 -0.09247059 -0.9941676 0
-0.9509254 -0.2986673 0.08086604 0
0.2060222 1.152995 -0.4024764 1

-0.1268674 -0.9823871 -0.1371876 0
-0.8287222 0.1809788 -0.5295907 0
-0.545091 -0.04650258 0.8370866 0
0.2102011 1.161615 -0.4725664 1

0.06818046 -0.9926516 -0.09997192 0
0.02941224 -0.0981617 0.9947361 0
0.9972395 0.07076189 -0.02250344 0
0.2122152 1.118639 -0.4065824 1

-0.2138118 -0.9710206 -0.1067881 0
0.5086863 -0.2039963 0.8364356 0
0.8339803 -0.1245182 -0.5375616 0
0.2146626 1.104034 -0.3970263 1

-0.2926064 -0.9524531 -0.084939 0
0.08636597 -0.114787 0.9896289 0
0.9523249 -0.2822361 -0.1158471 0
0.2130231 1.085264 -0.3928259 1

0.8630287 0.09081619 0.4969245 0
-0.08782469 0.9957008 -0.02944214 0
0.4974619 0.01823281 -0.8672942 0
0.02186121 0.8367686 -0.001558967 1

0.8572947 0.1571196 0.4902646 0
-0.03834689 0.9691344 -0.2435327 0
0.513396 -0.1899791 -0.8368586 0
0.0216037 0.9289227 -0.01795387 1

-0.9507155 0.1796759 -0.2526996 0
0.1089768 -0.5693654 -0.8148298 0
0.2902835 0.8022094 -0.5217236 0
-0.05840637 0.7954276 -0.04846785 1

-0.7807699 -0.0584349 -0.6220801 0
0.0927972 -0.9954202 -0.0229649 0
0.6178891 0.07565758 -0.7826169 0
0.1078783 0.8129263 0.04727741 1

0.8451952 0.04732435 0.5323585 0
0.1482394 0.9362334 -0.3185783 0
0.5134883 -0.3481773 -0.7842847 0
0.01537046 1.086454 -0.05753979 1

-0.9591966 0.1177546 -0.2570533 0
-0.143663 -0.9860222 0.08438892 0
0.2435229 -0.1178748 -0.9627057 0
-0.01281646 0.5572363 -0.389348 1

-0.9038053 0.02692446 -0.4270961 0
-0.3212012 -0.7021637 0.6354494 0
0.2827823 -0.7115062 -0.6432675 0
0.1466996 0.396497 0.03767016 1

0.8242953 -0.05222736 0.5637461 0
0.3985681 0.7607178 -0.5123007 0
0.4020955 -0.6469783 -0.6478721 0
0.03568034 1.214725 -0.1011873 1

-0.9543076 0.03222428 -0.2970843 0
0.1318644 -0.8467288 -0.5154245 0
0.2681589 0.5310482 -0.8037902 0
-0.06876351 0.1732473 -0.3564843 1

-0.8962731 0.01945204 -0.4430758 0
0.2433904 -0.8135816 -0.5280588 0
0.3707501 0.5811253 -0.7244569 0
0.02161321 0.1230513 0.2851351 1

0.8670605 -0.03023493 0.4972847 0
0.2243128 0.9149518 -0.3354805 0
0.4448482 -0.4024292 -0.8001005 0
0.07348341 1.348464 -0.144072 1

0.5969358 -0.700063 -0.3918921 0
-0.6957829 -0.2085307 -0.6873145 0
-0.3994419 -0.6829545 0.6115713 0
0.01038349 1.31997 -0.1634379 1

-0.1312115 0.7359783 0.6641685 0
0.8541731 -0.2561073 0.4525457 0
-0.5031621 -0.6266939 0.5950487 0
0.1116773 1.313553 -0.09416313 1

-0.982679 -0.01684944 -0.1845492 0
0.1853128 -0.09575254 -0.9780035 0
0.001192171 0.9952628 -0.09721619 0
-0.04872008 0.04454458 -0.4348288 1

-0.837519 0.03980046 -0.5449569 0
0.5462935 0.0405427 -0.8366122 0
0.01120355 0.9983848 0.05569804 0
0.05860854 -0.0006130934 0.2048702 1

0.8670605 -0.03023493 0.4972847 0
0.2243128 0.9149518 -0.3354805 0
0.4448482 -0.4024292 -0.8001005 0
0.08734192 1.384443 -0.1660481 1

0.8336254 0.2804799 -0.475815 0
-0.1047464 -0.7655539 -0.6347877 0
0.5423073 -0.5790151 0.6088058 0
-0.07635279 1.293974 -0.2491186 1

0.3223718 0.2325429 0.9176056 0
0.562487 -0.8267208 0.01189858 0
-0.7613705 -0.5123056 0.397314 0
0.2181582 1.281627 -0.03774898 1

-0.982679 -0.01684944 -0.1845492 0
0.1853128 -0.09575254 -0.9780035 0
0.001192171 0.9952628 -0.09721619 0
-0.01443722 0.02683043 -0.6157595 1

-0.837519 0.03980046 -0.5449569 0
0.5462935 0.0405427 -0.8366122 0
0.01120355 0.9983848 0.05569804 0
