MeshAnim
1
30
69
60
0.6486571 -0.05247428 0.7592697 0
-0.1196569 0.9781823 0.1698285 0
0.7516158 0.2010123 -0.6282259 0
-0.0008538091 0.8279931 1.804829E-05 1

0.9132376 -0.08533189 0.3983915 0
0.04340304 0.9926329 0.1131198 0
0.4051091 0.08601382 -0.9102132 0
-3.986846E-05 0.9214135 0.005778875 1

-0.792896 0.1032423 -0.6005472 0
0.3206508 -0.7673688 -0.555273 0
0.5181688 0.6328396 -0.5753391 0
-0.05942735 0.8010298 -0.07868728 1

-0.5409226 0.2155181 -0.8129913 0
0.3859659 -0.7952187 -0.4676086 0
0.7472838 0.5667269 -0.346969 0
0.0655531 0.7909199 0.06760568 1

0.9028654 -0.1084252 0.4160265 0
0.07485082 0.9925403 0.09623469 0
0.4233573 0.05574708 -0.904246 0
0.007015238 1.082765 0.02416635 1

-0.8537726 0.02787197 -0.5198995 0
-0.4407674 -0.570195 0.6932545 0
0.2771217 -0.8210364 -0.4991018 0
0.07471541 0.4800047 -0.3109831 1

-0.6516654 0.0564883 -0.7564002 0
-0.429682 -0.8492767 0.3067619 0
0.6250644 -0.5249178 -0.5777162 0
0.2270201 0.458244 -0.1280161 1

0.8916553 -0.1247507 0.4351874 0
0.1780037 0.9804678 -0.08365108 0
0.4162517 -0.1520529 -0.8964454 0
0.01727035 1.21875 0.03735121 1

-0.661347 0.04047161 -0.7489874 0
-0.2722363 -0.9434052 0.1894044 0
0.6989331 -0.3291635 -0.634936 0
-0.09693365 0.2579523 -0.04100747 1

-0.6091294 0.01496386 -0.7929297 0
0.4247266 -0.8382002 -0.3420936 0
0.6697527 0.5451576 -0.5042167 0
0.05968771 0.1275076 -0.008552895 1

0.9036701 -0.1208957 0.4108099 0
0.1766388 0.9791408 -0.1004099 0
0.3901016 -0.1633024 -0.906175 0
0.02384834 1.361434 0.06477548 1

0.6841066 -0.2802873 -0.6733773 0
-0.7114671 -0.05307211 -0.7007124 0
-0.1606632 -0.9584478 0.2357222 0
-0.03517115 1.332063 0.03609512 1

-0.4823842 0.2096209 0.8505083 0
0.8315625 -0.195605 0.5198486 0
-0.2753348 -0.9580176 0.07995617 0
0.07439984 1.316735 0.08957279 1

-0.7777727 0.06168809 -0.6255112 0
0.4577376 -0.6264144 -0.630937 0
0.4307505 0.7770454 -0.4589711 0
-0.1383136 0.1145548 -0.012218 1

-0.5486743 0.03130641 -0.8354498 0
0.8359382 0.03584786 -0.5476518 0
-0.01280406 0.9988669 0.04583899 0
0.1242462 0.0001011491 -0.06055112 1

0.9036701 -0.1208957 0.4108099 0
0.1766388 0.9791408 -0.1004099 0
0.3901016 -0.1633024 -0.906175 0
0.03513035 1.402416 0.05201838 1

0.8850069 0.241611 -0.3979786 0
-0.1342518 -0.6860629 -0.7150482 0
0.4458019 -0.686252 0.5747337 0
-0.1238626 1.325447 -0.05125567 1

0.4039645 0.2438388 0.8816776 0
0.6376114 -0.7661675 -0.08024582 0
-0.6559454 -0.594584 0.4649787 0
0.1780621 1.292351 0.1543769 1

-0.7777727 0.06168809 -0.6255112 0
0.4577376 -0.6264144 -0.630937 0
0.4307505 0.7770454 -0.4589711 0
-0.05363213 -0.001331866 -0.1289413 1

-0.5486743 0.03130641 -0.8354498 0
0.8359382 0.03584786 -0.5476518 0
-0.01280406 0.9988669 0.04583899 0
0.2788948 0.006732941 -0.1618667 1

0.9774628 -0.1524359 0.1460469 0
0.1822631 0.9584404 -0.2194817 0
0.1065203 -0.2411541 -0.9646232 0
0.04559202 1.44044 0.04019556 1

-0.4745929 0.614744 -0.6299617 0
0.8637073 0.1873276 -0.4678868 0
0.1696216 0.7661583 0.619863 0
-0.1610329 1.135497 -0.2492311 1

-0.1313813 -0.9606651 -0.2446663 0
-0.5168229 0.2769869 -0.8100448 0
-0.8459511 -0.02002444 0.5328845 0
0.3545975 1.080222 0.1321592 1

0.9774628 -0.1524359 0.1460469 0
0.1822631 0.9584404 -0.2194817 0
0.1065203 -0.2411541 -0.9646232 0
0.1257114 1.785423 -0.1365967 1

0.1065224 -0.2411545 -0.9646231 0
-0.9774626 0.1524354 -0.146049 0
-0.1822631 -0.9584404 0.2194817 0
0.04010572 1.570512 -0.135846 1

-0.1065036 0.2411536 0.9646252 0
0.9774646 -0.15244 0.1460308 0
-0.1822633 -0.9584399 0.2194837 0
0.1396126 1.554993 -0.1209783 1

-0.5306517 -0.3488596 -0.7724674 0
0.8035554 0.08286946 -0.5894328 0
-0.2696432 0.9335041 -0.2363533 0
0.07989642 1.187752 -0.3797471 1

-0.155232 -0.9363002 -0.315032 0
-0.06219923 0.3275285 -0.9427918 0
-0.985918 0.1267568 0.1090798 0
0.2104308 1.157487 -0.09380115 1

-0.7872315 -0.3409736 -0.513813 0
0.3645687 0.4146699 -0.8337496 0
-0.4973493 0.843674 0.2021327 0
0.08313149 1.194975 -0.4153951 1

-0.5816597 -0.1918788 -0.7904777 0
0.6766282 0.4252537 -0.6011104 0
-0.4514938 0.884501 0.1175221 0
0.151987 1.191261 -0.4593633 1

-0.5908306 -0.1820985 -0.7859768 0
0.6748124 0.4224215 -0.605135 0
-0.4422075 0.8879194 0.1266969 0
0.1644348 1.196988 -0.4411805 1

-0.5335932 -0.3266873 -0.7800987 0
0.685532 0.373119 -0.6251624 0
-0.4953021 0.8683651 -0.02486098 0
0.1745801 1.205289 -0.4219406 1

-0.4591773 -0.4737257 -0.7514921 0
0.7750464 0.1997653 -0.5994974 0
-0.4341193 0.8577168 -0.2754317 0
0.1819247 1.213815 -0.4035957 1

0.1169384 -0.6937653 -0.7106442 0
-0.4609367 0.595904 -0.6575987 0
-0.8796946 -0.4044607 0.2500975 0
0.1984433 1.189045 -0.1077259 1

-0.1411739 -0.9668938 -0.2125704 0
-0.1699089 0.2351991 -0.9569808 0
-0.9752952 0.09898319 0.1974876 0
0.2046866 1.212882 -0.1857061 1

-0.07319255 -0.9910589 -0.1115588 0
-0.1036782 0.1188139 -0.9874889 0
-0.9919142 0.06071079 0.1114472 0
0.2034632 1.191304 -0.192867 1

-0.3344005 -0.9400961 -0.06629831 0
-0.2907875 0.1698395 -0.9415931 0
-0.8964481 0.2955906 0.3301623 0
0.199563 1.168877 -0.1977481 1

-0.4291861 -0.8993254 -0.08374436 0
-0.1981946 0.1842297 -0.9626933 0
-0.8812028 0.396577 0.2573099 0
0.1949411 1.148005 -0.200234 1

-0.06219935 0.3275287 -0.942792 0
0.1552319 0.9363002 0.3150321 0
-0.985918 0.1267568 0.1090798 0
0.1760422 1.217798 -0.2180146 1

-0.6774822 -0.2274123 -0.6995013 0
0.5290099 0.5100995 -0.6781939 0
-0.5110447 0.8295075 0.2252797 0
0.09958789 1.213693 -0.4530301 1

-0.5536571 -0.1601286 -0.8172042 0
0.4073654 0.8038243 -0.4334975 0
-0.7263039 0.5729098 0.379812 0
0.1895351 1.21486 -0.4927208 1

-0.5536886 -0.123912 -0.823453 0
0.1959557 0.9417097 -0.2734673 0
-0.8093395 0.3127759 0.4971325 0
0.2036104 1.221511 -0.476311 1

-0.4978579 -0.2343238 -0.835003 0
-0.1655745 0.9707792 -0.173705 0
-0.8513065 -0.05177483 0.5221078 0
0.2117286 1.225508 -0.4558177 1

-0.4110115 -0.4217322 -0.8082153 0
0.1802613 0.8314586 -0.5255311 0
-0.8936306 0.3616891 0.2657168 0
0.210481 1.221175 -0.4256839 1

0.2602201 -0.8772433 -0.4033979 0
-0.4016961 0.2815612 -0.8714148 0
-0.8780239 -0.3888031 0.2791171 0
0.1776362 1.215945 -0.1374105 1

-0.136812 -0.970733 -0.1973836 0
-0.3638263 0.234572 -0.9014469 0
-0.9213648 0.05151553 0.3852702 0
0.1952579 1.225934 -0.2388118 1

0.03234416 -0.9984757 -0.04472239 0
-0.9452567 -0.04509637 0.3231967 0
0.3247209 -0.03182066 0.9452745 0
0.1974442 1.198202 -0.2501945 1

-0.2108216 -0.9769178 -0.03444324 0
-0.7204682 0.1314722 0.6809116 0
0.6606664 -0.1683663 0.7315553 0
0.1838053 1.178081 -0.2487727 1

-0.3308639 -0.9433232 -0.02589735 0
-0.8972947 0.305985 0.3181749 0
0.2922178 -0.1285102 0.9476782 0
0.1876387 1.154793 -0.2357043 1

-0.7875754 -0.4826376 -0.3831272 0
0.3828267 0.1039839 -0.9179494 0
-0.4828759 0.8696256 -0.1028715 0
0.1269837 1.240109 -0.4881516 1

-0.5421127 -0.113723 -0.8325749 0
0.03747737 0.986542 -0.1591563 0
-0.8394697 0.1174833 0.5305547 0
0.2033492 1.242118 -0.5074211 1

-0.5611356 -0.04898976 -0.826273 0
-0.3792016 0.9025443 0.2040101 0
-0.7357534 -0.4278013 0.5250266 0
0.2108255 1.256185 -0.4863801 1

-0.593624 -0.07334712 -0.8013933 0
-0.50203 0.8120528 0.2975507 0
-0.6289489 -0.5789568 0.5188762 0
0.2055562 1.261698 -0.4622933 1

-0.4149031 -0.3694898 -0.8314643 0
-0.2952893 0.9190494 -0.261061 0
-0.860616 -0.1372077 0.4904225 0
0.2155558 1.244583 -0.4404786 1

0.3173013 -0.9465443 0.0580861 0
-0.02896664 -0.07089651 -0.9970631 0
-0.9478825 -0.3146868 0.0499135 0
0.1568345 1.230525 -0.1825365 1

-0.1080169 -0.980848 -0.1620788 0
-0.8178304 0.1803641 -0.5464637 0
-0.5652309 -0.07352567 0.8216495 0
0.1829202 1.233889 -0.2693808 1

0.08616987 -0.9890118 -0.1201269 0
0.005852669 -0.1200708 0.9927481 0
0.9962634 0.08624792 0.004558384 0
0.16264 1.196541 -0.2382945 1

-0.1958663 -0.971478 -0.1336683 0
0.4905601 -0.2150946 0.844444 0
0.8491099 -0.09982588 -0.5186976 0
0.1569466 1.182982 -0.2233887 1

-0.2754667 -0.9545947 -0.1134329 0
0.06317002 -0.1357182 0.9887316 0
0.9592329 -0.2651972 -0.09768745 0
0.1623783 1.163407 -0.2267471 1

-0.7875754 -0.4826376 -0.3831272 0
0.3828267 0.1039839 -0.9179494 0
-0.4828759 0.8696256 -0.1028715 0
0.1389794 1.243367 -0.516915 1

-0.5421127 -0.113723 -0.8325749 0
0.03747737 0.986542 -0.1591563 0
-0.8394697 0.1174833 0.5305547 0
0.2043199 1.267672 -0.5115436 1

-0.5611356 -0.04898976 -0.826273 0
-0.3792016 0.9025443 0.2040101 0
-0.7357534 -0.4278013 0.5250266 0
0.2032602 1.274191 -0.4823099 1

-0.593624 -0.07334712 -0.8013933 0
-0.50203 0.8120528 0.2975507 0
-0.6289489 -0.5789568 0.5188762 0
0.1971198 1.275344 -0.4572932 1

-0.4149031 -0.3694898 -0.8314643 0
-0.2952893 0.9190494 -0.261061 0
-0.860616 -0.1372077 0.4904225 0
0.2091973 1.264372 -0.4460998 1

0.3173013 -0.9465443 0.0580861 0
-0.02896664 -0.07089651 -0.9970631 0
-0.9478825 -0.3146868 0.0499135 0
0.1559267 1.228304 -0.213783 1

-0.1080169 -0.980848 -0.1620788 0
-0.8178304 0.1803641 -0.5464637 0
-0.5652309 -0.07352567 0.8216495 0
0.1617364 1.23856 -0.2835355 1

0.08616987 -0.9890118 -0.1201269 0
0.005852669 -0.1200708 0.9927481 0
0.9962634 0.08624792 0.004558384 0
0.1627568 1.194146 -0.2184883 1

-0.1958663 -0.971478 -0.1336683 0
0.4905601 -0.2150946 0.844444 0
0.8491099 -0.09982588 -0.5186976 0
0.1651901 1.179368 -0.209198 1

-0.2754667 -0.9545947 -0.1134329 0
0.06317002 -0.1357182 0.9887316 0
0.9592329 -0.2651972 -0.09768745 0
0.1637385 1.160485 -0.205457 1

0.6497562 -0.03777991 0.7592032 0
-0.1621204 0.968897 0.1869639 0
0.7426533 0.2445633 -0.623422 0
0.008952721 0.8349571 -0.00100101 1

0.9108135 -0.06507374 0.4076569 0
0.01752488 0.9927025 0.1193086 0
0.4124459 0.1015237 -0.9053073 0
0.005707489 0.9282078 0.006416544 1

-0.7824559 0.1458924 -0.6053743 0
0.2062188 -0.8566011 -0.4729779 0
0.5875683 0.4949239 -0.6401669 0
-0.04833675 0.8068821 -0.08026081 1

-0.5540432 0.2409876 -0.7968446 0
0.4136814 -0.7509422 -0.5147367 0
0.7224292 0.614826 -0.3163623 0
0.07685544 0.7996035 0.06601934 1

0.8932536 -0.08912141 0.4406308 0
0.05441875 0.9943809 0.09080361 0
0.4462473 0.05713207 -0.8930842 0
0.008556133 1.08957 0.02581 1

-0.8496122 0.08029161 -0.5212601 0
-0.4973477 -0.4508733 0.7411873 0
0.1755112 -0.8889694 -0.4230003 0
0.03793391 0.4485271 -0.2781289 1

-0.6606019 0.0697079 -0.7474933 0
-0.3392881 -0.9159158 0.2144338 0
0.6696931 -0.395271 -0.6287066 0
0.2499171 0.4854504 -0.1493183 1

0.8745562 -0.1015334 0.4741755 0
0.167434 0.9809233 -0.09876929 0
0.4551015 -0.1657724 -0.8748728 0
0.0160119 1.225808 0.03825076 1

-0.6554377 0.03859711 -0.7542622 0
-0.35006 -0.9004633 0.2581162 0
0.6692229 -0.433216 -0.603709 0
-0.1557494 0.2729424 0.01051335 1

-0.6196926 0.02027227 -0.7845829 0
0.4004698 -0.8515699 -0.338309 0
0.6749853 0.5238493 -0.5195931 0
0.117787 0.1287624 -0.06581066 1

0.8874801 -0.1128493 0.4468153 0
0.1796332 0.9775763 -0.1098936 0
0.4243946 -0.1777913 -0.887851 0
0.01943149 1.369153 0.06263769 1

0.7152811 -0.2849339 -0.6381112 0
-0.6810387 -0.07944719 -0.7279248 0
-0.1567144 -0.9552492 0.2508781 0
-0.03792939 1.338261 0.03224075 1

-0.51855 0.2203793 0.8261593 0
0.813112 -0.1717818 0.5561836 0
-0.2644904 -0.9601688 0.09011574 0
0.06954037 1.325786 0.09050944 1

-0.7730842 0.08584939 -0.6284667 0
0.3467748 -0.7724198 -0.5320852 0
0.5311195 0.6292832 -0.5673754 0
-0.2089585 0.1360721 0.04974699 1

-0.5625864 0.01368756 -0.8266254 0
0.8266244 0.02593519 -0.5621563 0
-0.01374415 0.9995703 0.02590526 0
0.1786585 -0.0006761551 -0.1172337 1

0.8874801 -0.1128493 0.4468153 0
0.1796332 0.9775763 -0.1098936 0
0.4243946 -0.1777913 -0.887851 0
0.03116132 1.409932 0.04963883 1

0.8834894 0.217469 -0.4149146 0
-0.1538077 -0.7019505 -0.6954201 0
0.4424815 -0.6782131 0.5867172 0
-0.1228277 1.328357 -0.05850235 1

0.3978105 0.2575929 0.880564 0
0.6447715 -0.7612926 -0.06858459 0
-0.6526998 -0.595046 0.4689388 0
0.1709026 1.304372 0.159843 1

-0.7730842 0.08584939 -0.6284667 0
0.3467748 -0.7724198 -0.5320852 0
0.5311195 0.6292832 -0.5673754 0
-0.1448051 -0.006825686 -0.04868879 1

-0.5625864 0.01368756 -0.8266254 0
0.8266244 0.02593519 -0.5621563 0
-0.01374415 0.9995703 0.02590526 0
0.3315839 0.0041219 -0.2212325 1

0.9763668 -0.1648638 0.1397423 0
0.1937368 0.954227 -0.2278534 0
0.09578118 -0.2495416 -0.9636155 0
0.04203797 1.447769 0.03759146 1

-0.4693004 0.6051804 -0.6430507 0
0.8710537 0.1976909 -0.4496491 0
0.1449936 0.7711521 0.6199208 0
-0.1654124 1.134008 -0.2510433 1

-0.05999883 -0.9687335 -0.2407409 0
-0.5037136 0.2375994 -0.8305538 0
-0.8617849 -0.07143214 0.5022196 0
0.3494204 1.093593 0.140854 1

0.9763668 -0.1648638 0.1397423 0
0.1937368 0.954227 -0.2278534 0
0.09578118 -0.2495416 -0.9636155 0
0.1255343 1.790331 -0.1423187 1

0.09578326 -0.249542 -0.9636154 0
-0.9763665 0.1648632 -0.1397443 0
-0.1937368 -0.954227 0.2278534 0
0.03698918 1.576633 -0.1393491 1

-0.09576443 0.249541 0.9636174 0
0.9763683 -0.1648679 0.1397262 0
-0.1937371 -0.9542264 0.2278554 0
0.1363844 1.559849 -0.1251231 1

-0.532632 -0.3504886 -0.7703645 0
0.8015388 0.08334685 -0.5921057 0
-0.2717336 0.9328514 -0.236537 0
0.07756621 1.189154 -0.376472 1

-0.1588975 -0.9358149 -0.3146466 0
-0.06851372 0.328379 -0.942058 0
-0.9849153 0.1281332 0.1162945 0
0.2089105 1.15987 -0.09082734 1

-0.7883906 -0.3426756 -0.5108957 0
0.3612962 0.4142453 -0.8353839 0
-0.4979016 0.8431932 0.2027796 0
0.08067638 1.196341 -0.4121383 1

-0.5839215 -0.1936012 -0.7883874 0
0.6740861 0.4255368 -0.6037608 0
-0.4523763 0.8839896 0.1179761 0
0.1493955 1.192676 -0.4563234 1

-0.5930921 -0.1838289 -0.7838683 0
0.6722615 0.4226972 -0.6077765 0
-0.4430655 0.8874316 0.1271172 0
0.1618936 1.198441 -0.4381872 1

-0.5356296 -0.3283292 -0.7780112 0
0.6829871 0.3733875 -0.6277826 0
-0.4966187 0.8676302 -0.02424714 0
0.1720887 1.206778 -0.4189893 1

-0.4609124 -0.4752291 -0.7494784 0
0.7728308 0.2001906 -0.60221 0
-0.436226 0.8567857 -0.2750012 0
0.17948 1.215336 -0.4006776 1

0.110772 -0.6933662 -0.7120205 0
-0.4647819 0.5971171 -0.6537809 0
-0.878469 -0.4033547 0.2561202 0
0.1968699 1.191458 -0.1046401 1

-0.144146 -0.9665118 -0.2123134 0
-0.1764604 0.2362211 -0.9555424 0
-0.9736962 0.1002727 0.2046012 0
0.2025857 1.215348 -0.1826444 1

-0.07547354 -0.9908589 -0.1118143 0
-0.1106252 0.1197623 -0.9866202 0
-0.9909925 0.0620942 0.1186529 0
0.2012784 1.193778 -0.1898134 1

-0.3362717 -0.9395449 -0.064629 0
-0.2973221 0.1710288 -0.9393346 0
-0.8936002 0.296656 0.3368595 0
0.1973098 1.17136 -0.1946841 1

-0.4311199 -0.8986196 -0.08135799 0
-0.2048625 0.1852984 -0.961091 0
-0.8787304 0.3976783 0.2639791 0
0.192639 1.150498 -0.1971531 1

-0.0685136 0.3283792 -0.9420581 0
0.1588976 0.9358149 0.3146467 0
-0.9849153 0.1281332 0.1162945 0
0.1737162 1.220333 -0.2147414 1

-0.6794005 -0.2291682 -0.6970635 0
0.5260999 0.5100849 -0.6804652 0
-0.5115022 0.8290331 0.2259865 0
0.0969851 1.21504 -0.449847 1

-0.5560505 -0.1618415 -0.8152397 0
0.4048229 0.803913 -0.4357099 0
-0.7258974 0.572304 0.3814988 0
0.1868025 1.21629 -0.4898278 1

-0.5561537 -0.125632 -0.8215292 0
0.1937315 0.9416781 -0.2751564 0
-0.8081843 0.3121852 0.4993787 0
0.2009211 1.22298 -0.473471 1

-0.5002028 -0.2359772 -0.8331341 0
-0.1675174 0.9703454 -0.1742656 0
-0.8495503 -0.0523965 0.5248994 0
0.2090993 1.227012 -0.4530084 1

-0.4130033 -0.4232312 -0.8064145 0
0.1773849 0.8311196 -0.5270443 0
-0.8932881 0.3607165 0.26818 0
0.2079547 1.222712 -0.4228658 1

0.2559937 -0.8773039 -0.4059623 0
-0.4075549 0.2828587 -0.8682688 0
-0.8765655 -0.387723 0.2851393 0
0.1758892 1.218412 -0.1341524 1

-0.1396803 -0.9703694 -0.1971615 0
-0.3699727 0.2358373 -0.8986107 0
-0.9184825 0.05257394 0.391952 0
0.1927934 1.228457 -0.2356703 1

0.03053171 -0.9984865 -0.04574736 0
-0.9429658 -0.04395246 0.3299758 0
0.3314871 -0.03306349 0.9428803 0
0.1948562 1.200731 -0.2470905 1

-0.2125212 -0.9765756 -0.03369607 0
-0.7153384 0.1319942 0.6861989 0
0.6656772 -0.1699359 0.7266333 0
0.181198 1.180628 -0.2455862 1

-0.3324485 -0.9428097 -0.02425724 0
-0.894518 0.3070613 0.3248868 0
0.2988579 -0.1297066 0.945442 0
0.1850908 1.157325 -0.2325643 1

-0.7881123 -0.484192 -0.3800498 0
0.3797271 0.1034905 -0.9192917 0
-0.4844449 0.8688204 -0.1022986 0
0.1242301 1.241456 -0.4850861 1

-0.5446217 -0.1154367 -0.8306997 0
0.03555745 0.9864139 -0.1603873 0
-0.8379282 0.1168878 0.5331174 0
0.2005305 1.243552 -0.5046032 1

-0.5637168 -0.05072359 -0.8244098 0
-0.3798325 0.9022339 0.204211 0
-0.7334518 -0.4282546 0.5278704 0
0.2080543 1.257653 -0.4836023 1

-0.59609 -0.07509913 -0.7993982 0
-0.5022305 0.8116732 0.2982478 0
-0.6264518 -0.5792646 0.5215471 0
0.2028545 1.263185 -0.4595049 1

-0.417044 -0.3710208 -0.8297099 0
-0.2974383 0.918332 -0.2611458 0
-0.8588395 -0.1378783 0.4933405 0
0.2129485 1.246109 -0.4377031 1

0.3163005 -0.9470609 0.05504265 0
-0.03626785 -0.07005116 -0.9968841 0
-0.9479658 -0.3133187 0.05650476 0
0.1547841 1.23306 -0.1791155 1

-0.1106463 -0.980556 -0.1620735 0
-0.8214833 0.1820182 -0.5404027 0
-0.5593952 -0.07334711 0.8256497 0
0.1802473 1.236454 -0.2661431 1

0.0838259 -0.9890417 -0.1215309 0
0.01283848 -0.1208781 0.9925846 0
0.9963981 0.08476441 -0.002564967 0
0.1601364 1.199112 -0.2349409 1

-0.1982743 -0.9710781 -0.1330223 0
0.4963208 -0.2165023 0.8407099 0
0.8451946 -0.1006695 -0.5248929 0
0.1545304 1.185549 -0.2200049 1

-0.2777013 -0.9540931 -0.1121993 0
0.07010192 -0.1366074 0.9881418 0
0.9581066 -0.2665429 -0.1048198 0
0.1599086 1.165969 -0.2234182 1

-0.7881123 -0.484192 -0.3800498 0
0.3797271 0.1034905 -0.9192917 0
-0.4844449 0.8688204 -0.1022986 0
0.1361287 1.244698 -0.5138916 1

-0.5446217 -0.1154367 -0.8306997 0
0.03555745 0.9864139 -0.1603873 0
-0.8379282 0.1168878 0.5331174 0
0.2014516 1.269102 -0.5087578 1

-0.5637168 -0.05072359 -0.8244098 0
-0.3798325 0.9022339 0.204211 0
-0.7334518 -0.4282546 0.5278704 0
0.2004764 1.275653 -0.4795282 1

-0.59609 -0.07509913 -0.7993982 0
-0.5022305 0.8116732 0.2982478 0
-0.6264518 -0.5792646 0.5215471 0
0.1944147 1.276825 -0.4544929 1

-0.417044 -0.3710208 -0.8297099 0
-0.2974383 0.918332 -0.2611458 0
-0.8588395 -0.1378783 0.4933405 0
0.2065438 1.265883 -0.4433262 1

0.3163005 -0.9470609 0.05504265 0
-0.03626785 -0.07005116 -0.9968841 0
-0.9479658 -0.3133187 0.05650476 0
0.1536475 1.230865 -0.2103564 1

-0.1106463 -0.980556 -0.1620735 0
-0.8214833 0.1820182 -0.5404027 0
-0.5593952 -0.07334711 0.8256497 0
0.1589689 1.241169 -0.2801408 1

0.0838259 -0.9890417 -0.1215309 0
0.01283848 -0.1208781 0.9925846 0
0.9963981 0.08476441 -0.002564967 0
0.1603925 1.196701 -0.2151379 1

-0.1982743 -0.9710781 -0.1330223 0
0.4963208 -0.2165023 0.8407099 0
0.8451946 -0.1006695 -0.5248929 0
0.1628708 1.181911 -0.2058772 1

-0.2777013 -0.9540931 -0.1121993 0
0.07010192 -0.1366074 0.9881418 0
0.9581066 -0.2665429 -0.1048198 0
0.1614181 1.163028 -0.2021409 1

0.6507615 -0.02863162 0.7587422 0
-0.1973685 0.9585589 0.2054518 0
0.7331816 0.2834519 -0.6181422 0
0.01861189 0.8463218 -0.002370725 1

0.9085112 -0.04909249 0.4149666 0
-0.002084635 0.9925297 0.121985 0
0.4178554 0.1116898 -0.9016221 0
0.01196518 0.9392319 0.006835851 1

-0.7692342 0.1703566 -0.6158388 0
0.08780433 -0.9264783 -0.3659623 0
0.6329054 0.335584 -0.6977208 0
-0.03762066 0.8177038 -0.08219127 1

-0.5456795 0.2740235 -0.791925 0
0.4266642 -0.7225111 -0.5439996 0
0.7212432 0.6347354 -0.2773435 0
0.0877652 0.8121878 0.06400007 1

0.8838202 -0.07231617 0.4622036 0
0.03740606 0.995741 0.08426584 0
0.4663289 0.05718669 -0.8827611 0
0.01162633 1.100566 0.02666436 1

-0.8388229 0.1093813 -0.5333027 0
-0.5305335 -0.383965 0.7557151 0
0.1221085 -0.9168461 -0.3801091 0
-0.0008881297 0.430116 -0.2352899 1

-0.6584101 0.07995768 -0.7484004 0
-0.2334634 -0.9669926 0.1020793 0
0.7155356 -0.2419342 -0.6553448 0
0.2662581 0.5099288 -0.1635796 1

0.8575788 -0.07909548 0.5082346 0
0.1571933 0.9811333 -0.1125511 0
0.4897437 -0.1764125 -0.8538324 0
0.01675123 1.23699 0.0382094 1

-0.6536875 0.0314526 -0.7561107 0
-0.4026905 -0.8603936 0.3123513 0
0.6407286 -0.5086586 -0.5750942 0
-0.207495 0.2805876 0.05900999 1

-0.6352723 0.01920345 -0.7720495 0
0.3644832 -0.8738964 -0.3216476 0
0.680868 0.4857328 -0.5481627 0
0.1753397 0.1333498 -0.1238265 1

0.8728675 -0.09994901 0.4776114 0
0.1782099 0.976482 -0.1213438 0
0.4542507 -0.191032 -0.8701511 0
0.01724126 1.380828 0.05976765 1

0.7425493 -0.2869644 -0.6052043 0
-0.6521942 -0.1040187 -0.7508817 0
-0.1525239 -0.9522772 0.2643955 0
-0.03850424 1.34849 0.02790466 1

-0.5489554 0.229942 0.8036009 0
0.7960441 -0.1493389 0.586525 0
-0.2548757 -0.9616779 0.1010635 0
0.06687924 1.338772 0.09035867 1

-0.7661949 0.09747468 -0.6351724 0
0.2492626 -0.8659583 -0.4335716 0
0.5922952 0.4905251 -0.6391961 0
-0.2687039 0.1498078 0.1064873 1

-0.5805861 0.004174262 -0.8141883 0
0.8140233 0.02374393 -0.5803466 0
-0.01690967 0.9997094 0.01718349 0
0.2307412 0.0005175471 -0.172717 1

0.8728675 -0.09994901 0.4776114 0
0.1782099 0.976482 -0.1213438 0
0.4542507 -0.191032 -0.8701511 0
0.02918606 1.421437 0.04643589 1

0.8792502 0.1913297 -0.4362485 0
-0.1790309 -0.7159318 -0.674826 0
0.4414381 -0.6714424 0.595229 0
-0.1198068 1.335523 -0.06570026 1

0.4005102 0.2690648 0.8758972 0
0.6493667 -0.7577647 -0.06415156 0
-0.6464632 -0.5944717 0.4782141 0
0.1661138 1.320155 0.1634746 1

-0.7661949 0.09747468 -0.6351724 0
0.2492626 -0.8659583 -0.4335716 0
0.5922952 0.4905251 -0.6391961 0
-0.2225903 -0.01039445 0.02627657 1

-0.5805861 0.004174262 -0.8141883 0
0.8140233 0.02374393 -0.5803466 0
-0.01690967 0.9997094 0.01718349 0
0.3813356 0.004910171 -0.2800811 1

0.9767299 -0.1710098 0.1294391 0
0.1976928 0.9518824 -0.2341733 0
0.08316484 -0.2543132 -0.9635395 0
0.04026172 1.459116 0.03407944 1

-0.4670511 0.5962991 -0.6529098 0
0.8749011 0.2046625 -0.4389327 0
0.1281092 0.7762353 0.6172904 0
-0.169375 1.137303 -0.2525393 1

-0.04569089 -0.9785203 -0.2010245 0
-0.493042 0.197106 -0.8473836 0
-0.8688049 -0.06039565 0.4914573 0
0.3459039 1.110353 0.145713 1

0.9767299 -0.1710098 0.1294391 0
0.1976928 0.9518824 -0.2341733 0
0.08316484 -0.2543132 -0.9635395 0
0.1240677 1.80032 -0.1482497 1

0.08316693 -0.2543136 -0.9635393 0
-0.9767297 0.1710093 -0.1294411 0
-0.1976928 -0.9518824 0.2341733 0
0.03409721 1.587254 -0.1433519 1

-0.08314812 0.2543124 0.9635413 0
0.9767314 -0.1710141 0.129423 0
-0.197693 -0.9518821 0.2341754 0
0.1335295 1.569845 -0.1301749 1

-0.5360771 -0.3525945 -0.7670065 0
0.7981426 0.084218 -0.5965538 0
-0.2749372 0.931979 -0.2362734 0
0.07467674 1.194393 -0.3749787 1

-0.1545038 -0.9373011 -0.3124031 0
-0.08633876 0.3277992 -0.940794 0
-0.9842126 0.1183838 0.1315715 0
0.2083708 1.165335 -0.09066299 1

-0.7904404 -0.344967 -0.5061644 0
0.3559051 0.4138906 -0.8378704 0
-0.4985339 0.8424328 0.2043802 0
0.07757868 1.20154 -0.4106707 1

-0.5877873 -0.1958367 -0.7849553 0
0.6699223 0.4261292 -0.6079628 0
-0.4535536 0.8832114 0.1192781 0
0.1460646 1.197958 -0.4552232 1

-0.5969535 -0.1860774 -0.780399 0
0.6680818 0.4232809 -0.6119648 0
-0.4442004 0.8866846 0.1283639 0
0.1586488 1.203773 -0.4371625 1

-0.5391618 -0.3304515 -0.7746657 0
0.6788005 0.3739671 -0.6319646 0
-0.4985328 0.8665742 -0.02268177 0
0.1689308 1.212156 -0.4180312 1

-0.4639879 -0.4771598 -0.7463474 0
0.7691388 0.2009891 -0.6066543 0
-0.4394785 0.8555248 -0.2737455 0
0.1764036 1.220753 -0.3997709 1

0.1065699 -0.6921527 -0.7138403 0
-0.4807281 0.592575 -0.64634 0
-0.8703699 -0.4120435 0.2695863 0
0.1958063 1.196804 -0.104279 1

-0.1378662 -0.967863 -0.2103192 0
-0.1935661 0.2345811 -0.95263 0
-0.9713522 0.09062499 0.2196862 0
0.2000769 1.220759 -0.182356 1

-0.06740809 -0.9915428 -0.1109025 0
-0.1270736 0.118782 -0.9847554 0
-0.9896002 0.05228775 0.1340057 0
0.1988718 1.199178 -0.1895097 1

-0.327938 -0.9428129 -0.05966917 0
-0.3135126 0.1681961 -0.9345695 0
-0.8911601 0.2877738 0.3507416 0
0.1950497 1.176723 -0.1943244 1

-0.4234335 -0.9028244 -0.07491584 0
-0.2215466 0.1833809 -0.9577518 0
-0.8784199 0.388947 0.2776674 0
0.1905474 1.155815 -0.1967265 1

-0.08633891 0.3277994 -0.9407941 0
0.1545038 0.9373012 0.3124034 0
-0.9842126 0.1183838 0.1315715 0
0.1706658 1.225462 -0.2140004 1

-0.682696 -0.2314802 -0.6930683 0
0.5213482 0.5102721 -0.6839731 0
-0.5119793 0.8282753 0.227679 0
0.09364408 1.220223 -0.4484917 1

-0.5601279 -0.1640549 -0.8119997 0
0.400794 0.8041711 -0.4389461 0
-0.7249978 0.5713102 0.3846864 0
0.1832405 1.221605 -0.4889608 1

-0.56034 -0.127854 -0.8183357 0
0.1902924 0.9417126 -0.2774292 0
-0.806107 0.3111774 0.5033495 0
0.1974337 1.228346 -0.4726896 1

-0.5042251 -0.2380991 -0.8301002 0
-0.1704625 0.969769 -0.174617 0
-0.8465815 -0.05345478 0.5295688 0
0.2057145 1.232421 -0.4522768 1

-0.4164957 -0.4251381 -0.8036103 0
0.1728084 0.8307899 -0.5290803 0
-0.8925635 0.35923 0.272553 0
0.2047423 1.228158 -0.422123 1

0.2583248 -0.8746836 -0.4101185 0
-0.4237301 0.2789231 -0.8617742 0
-0.8681713 -0.3963971 0.2985767 0
0.1741058 1.223553 -0.1334554 1

-0.1331286 -0.9716782 -0.1952394 0
-0.3861601 0.232279 -0.8927077 0
-0.9127745 0.04345143 0.4061462 0
0.1893353 1.233776 -0.2352202 1

0.03967804 -0.9981307 -0.04648767 0
-0.9372607 -0.05330465 0.3445304 0
0.3463644 -0.02990053 0.9376236 0
0.1914947 1.206073 -0.2466785 1

-0.2033636 -0.978623 -0.03066699 0
-0.7058906 0.1248392 0.697233 0
0.6784998 -0.1634391 0.7161885 0
0.1780605 1.185837 -0.2449684 1

-0.3234578 -0.9460447 -0.01936239 0
-0.8923661 0.2981711 0.3387876 0
0.3147348 -0.1268615 0.9406639 0
0.1823845 1.162572 -0.2320147 1

-0.7891606 -0.4863106 -0.3751379 0
0.374522 0.1030643 -0.9214726 0
-0.4867849 0.8676869 -0.1007995 0
0.120643 1.246648 -0.4839124 1

-0.548879 -0.1176472 -0.8275819 0
0.03265113 0.9862732 -0.1618617 0
-0.8352643 0.1158637 0.5375032 0
0.196832 1.248876 -0.503846 1

-0.5680732 -0.05296527 -0.8212724 0
-0.380581 0.9017177 0.2050941 0
-0.7296929 -0.429069 0.5323991 0
0.2044403 1.26302 -0.4829045 1

-0.60026 -0.07737456 -0.796054 0
-0.5022801 0.8110293 0.2999115 0
-0.6224174 -0.5798668 0.5256919 0
0.1993598 1.268573 -0.4587865 1

-0.4207705 -0.3729668 -0.8269514 0
-0.3007448 0.9173747 -0.2607234 0
-0.8558651 -0.1389968 0.4981719 0
0.2096072 1.251546 -0.4370176 1

0.3264521 -0.9438969 0.04987799 0
-0.05101311 -0.07028639 -0.9962217 0
-0.9438363 -0.3226742 0.07109615 0
0.1521631 1.237997 -0.1780821 1

-0.1034552 -0.9815814 -0.1606081 0
-0.8315138 0.1739594 -0.5275636 0
-0.5457858 -0.07896842 0.8341953 0
0.1762402 1.241653 -0.2654928 1

0.09169592 -0.9881509 -0.1230849 0
0.02940676 -0.1208644 0.9922335 0
0.995353 0.09460323 -0.01797545 0
0.1569849 1.204111 -0.233993 1

-0.190712 -0.9729734 -0.1302004 0
0.5113988 -0.2116898 0.832862 0
0.8379144 -0.09225265 -0.5379488 0
0.1517452 1.190491 -0.2189758 1

-0.2699709 -0.9567761 -0.108145 0
0.08674699 -0.1360268 0.9869002 0
0.958953 -0.257053 -0.1197208 0
0.157263 1.170966 -0.2224773 1

-0.7891606 -0.4863106 -0.3751379 0
0.374522 0.1030643 -0.9214726 0
-0.4867849 0.8676869 -0.1007995 0
0.1323783 1.249878 -0.5127861 1

-0.548879 -0.1176472 -0.8275819 0
0.03265113 0.9862732 -0.1618617 0
-0.8352643 0.1158637 0.5375032 0
0.1976777 1.274423 -0.5080386 1

-0.5680732 -0.05296527 -0.8212724 0
-0.380581 0.9017177 0.2050941 0
-0.7296929 -0.429069 0.5323991 0
0.1968475 1.28101 -0.4788127 1

-0.60026 -0.07737456 -0.796054 0
-0.5022801 0.8110293 0.2999115 0
-0.6224174 -0.5798668 0.5256919 0
0.1909193 1.282202 -0.4537466 1

-0.4207705 -0.3729668 -0.8269514 0
-0.3007448 0.9173747 -0.2607234 0
-0.8558651 -0.1389968 0.4981719 0
0.2031313 1.2713 -0.4426316 1

0.3264521 -0.9438969 0.04987799 0
-0.05101311 -0.07028639 -0.9962217 0
-0.9438363 -0.3226742 0.07109615 0
0.1505644 1.235794 -0.2093023 1

-0.1034552 -0.9815814 -0.1606081 0
-0.8315138 0.1739594 -0.5275636 0
-0.5457858 -0.07896842 0.8341953 0
0.1547021 1.246159 -0.279158 1

0.09169592 -0.9881509 -0.1230849 0
0.02940676 -0.1208644 0.9922335 0
0.995353 0.09460323 -0.01797545 0
0.1575716 1.201699 -0.2141971 1

-0.190712 -0.9729734 -0.1302004 0
0.5113988 -0.2116898 0.832862 0
0.8379144 -0.09225265 -0.5379488 0
0.160339 1.186934 -0.20498 1

-0.2699709 -0.9567761 -0.108145 0
0.08674699 -0.1360268 0.9869002 0
0.958953 -0.257053 -0.1197208 0
0.1591308 1.168037 -0.2012266 1

0.6459892 -0.02638323 0.7628905 0
-0.2218117 0.9497918 0.2206694 0
0.7304091 0.3117681 -0.6077032 0
0.02998018 0.8601483 -0.00610734 1

0.9038354 -0.03956469 0.4260472 0
-0.01418266 0.9923984 0.1222464 0
0.4276452 0.1165331 -0.8964037 0
0.02103453 0.9526961 0.004667899 1

-0.7518402 0.1758774 -0.6354559 0
-0.02477896 -0.9706236 -0.2393256 0
0.6588799 0.1641885 -0.7341113 0
-0.02499254 0.8316008 -0.08682564 1

-0.4838776 0.3269271 -0.8117765 0
0.4152315 -0.7307692 -0.5418111 0
0.770354 0.5992455 -0.2178524 0
0.0994738 0.8265179 0.06016498 1

0.8723365 -0.06056392 0.4851403 0
0.02564811 0.9966003 0.07829543 0
0.4882328 0.05585704 -0.870924 0
0.01872915 1.114009 0.0245389 1

-0.8227345 0.1169068 -0.5562746 0
-0.5563095 -0.3665865 0.7457441 0
0.1167401 -0.9230102 -0.3666397 0
-0.03535872 0.4255449 -0.1869464 1

-0.6225403 0.08295587 -0.7781786 0
-0.1033226 -0.994374 -0.02334511 0
0.7757371 -0.06587021 -0.6276091 0
0.2731839 0.5208042 -0.1664991 1

0.8389368 -0.06102402 0.5407968 0
0.1502947 0.9810285 -0.1224516 0
0.5230647 -0.1840081 -0.8321927 0
0.02224313 1.250551 0.03526594 1

-0.6623436 0.01316498 -0.7490849 0
-0.4463847 -0.8099326 0.3804605 0
0.6016993 -0.5863758 -0.5423301 0
-0.2520036 0.2827843 0.1034705 1

-0.6592801 0.02137902 -0.7515935 0
0.3463506 -0.8785958 -0.3288021 0
0.6673763 0.4770875 -0.5718361 0
0.2329467 0.133562 -0.1755905 1

0.8578495 -0.08688132 0.5065036 0
0.1761189 0.9756217 -0.1309372 0
0.4827799 -0.2015292 -0.852238 0
0.02032498 1.394704 0.05450801 1

0.7676784 -0.2876663 -0.5726413 0
-0.6226475 -0.1234442 -0.7727043 0
-0.1515919 -0.9497419 0.2738802 0
-0.03383363 1.361217 0.0211311 1

-0.5763397 0.2387463 0.781558 0
0.7781549 -0.1317929 0.6140894 0
-0.2496155 -0.962097 0.1098242 0
0.06925903 1.35372 0.08758646 1

-0.760015 0.09537414 -0.6428699 0
0.1735404 -0.923475 -0.3421671 0
0.6263078 0.3716159 -0.6853032 0
-0.319854 0.1596745 0.1613004 1

-0.6070022 -0.01443505 -0.7945691 0
0.7935708 0.04227862 -0.6070076 0
-0.04235546 0.9990016 0.01420798 0
0.285592 1.549721E-05 -0.2255684 1

0.8578495 -0.08688132 0.5065036 0
0.1761189 0.9756217 -0.1309372 0
0.4827799 -0.2015292 -0.852238 0
0.03244346 1.435179 0.04092594 1

0.8749932 0.1633628 -0.4557407 0
-0.2056647 -0.7267637 -0.6553754 0
0.4382797 -0.6671785 0.6023153 0
-0.1114529 1.345829 -0.07519421 1

0.4058385 0.2808353 0.8697279 0
0.6533309 -0.7545947 -0.06120306 0
-0.6391042 -0.5930585 0.4897218 0
0.1662635 1.337291 0.1641386 1

-0.760015 0.09537414 -0.6428699 0
0.1735404 -0.923475 -0.3421671 0
0.6263078 0.3716159 -0.6853032 0
-0.2877491 -0.0111683 0.09799954 1

-0.6070022 -0.01443505 -0.7945691 0
0.7935708 0.04227862 -0.6070076 0
-0.04235546 0.9990016 0.01420798 0
0.4324026 0.007836938 -0.3378648 1

0.977327 -0.1741993 0.1203617 0
0.198774 0.9506796 -0.2381117 0
0.07294646 -0.2566376 -0.9637511 0
0.04367985 1.472733 0.02833698 1

-0.4632646 0.5895436 -0.661683 0
0.8784772 0.2070041 -0.4306131 0
0.1168944 0.7807611 0.6137984 0
-0.1683953 1.14461 -0.2566479 1

-0.03586408 -0.986142 -0.1619807 0
-0.4860258 0.1588364 -0.8593894 0
-0.8732086 -0.04790549 0.4849868 0
0.3471512 1.128366 0.1471933 1

0.977327 -0.1741993 0.1203617 0
0.198774 0.9506796 -0.2381117 0
0.07294646 -0.2566376 -0.9637511 0
0.1269213 1.813253 -0.1555241 1

0.07294849 -0.2566381 -0.9637508 0
-0.9773268 0.1741987 -0.1203637 0
-0.198774 -0.9506796 0.2381117 0
0.03625168 1.600518 -0.1493007 1

-0.07292971 0.2566368 0.9637525 0
0.9773281 -0.1742035 0.1203454 0
-0.1987742 -0.950679 0.2381137 0
0.1357447 1.582784 -0.1370477 1

-0.5377973 -0.3539731 -0.7651652 0
0.796354 0.0846504 -0.5988782 0
-0.2767583 0.9314169 -0.236363 0
0.07665414 1.202353 -0.3767666 1

-0.1637891 -0.9374219 -0.3072676 0
-0.08072424 0.3231655 -0.9428933 0
-0.9831874 0.1296317 0.1286038 0
0.2115752 1.172674 -0.09253166 1

-0.791434 -0.3464174 -0.5036145 0
0.3530295 0.4135498 -0.8392538 0
-0.4990016 0.8420045 0.2050017 0
0.07944668 1.209471 -0.4124733 1

-0.5897522 -0.1972962 -0.7831136 0
0.6676778 0.4263918 -0.6102431 0
-0.4543118 0.8827596 0.1197352 0
0.1478112 1.205932 -0.4572151 1

-0.5989175 -0.1875441 -0.7785405 0
0.6658296 0.4235374 -0.6142374 0
-0.4449374 0.8862525 0.1287915 0
0.1604391 1.211779 -0.4391955 1

-0.540931 -0.331841 -0.7728361 0
0.6765532 0.3742182 -0.6342217 0
-0.4996699 0.8659343 -0.0220817 0
0.1707644 1.220193 -0.4201009 1

-0.4654955 -0.4784295 -0.7445936 0
0.7671769 0.201376 -0.6090053 0
-0.4413093 0.8547241 -0.2733004 0
0.1782779 1.228816 -0.4018699 1

0.1007853 -0.6974319 -0.7095289 0
-0.472928 0.5938532 -0.6509055 0
-0.8753182 -0.4011576 0.2699831 0
0.1993777 1.204193 -0.1063606 1

-0.1477079 -0.967559 -0.2049683 0
-0.188913 0.2310268 -0.9544311 0
-0.9708218 0.1022558 0.2169088 0
0.2040789 1.227642 -0.1845664 1

-0.07772969 -0.991403 -0.1052524 0
-0.1235872 0.1143392 -0.9857246 0
-0.9892849 0.0636123 0.1314123 0
0.2026597 1.206033 -0.1915964 1

-0.3378397 -0.9396009 -0.05490683 0
-0.309601 0.1660304 -0.9362592 0
-0.8888263 0.2993063 0.3469929 0
0.1986091 1.183593 -0.1962885 1

-0.4328688 -0.8986876 -0.07060765 0
-0.2174263 0.1800984 -0.9593177 0
-0.8748435 0.3999067 0.2733573 0
0.1938896 1.16272 -0.1985785 1

-0.08072445 0.3231656 -0.9428934 0
0.1637892 0.937422 0.3072678 0
-0.9831874 0.1296317 0.1286038 0
0.1747908 1.232472 -0.2163057 1

-0.6843575 -0.2329714 -0.6909266 0
0.5187858 0.5102797 -0.6859127 0
-0.5123638 0.8278522 0.2283512 0
0.09538215 1.228138 -0.4503567 1

-0.5622085 -0.1655055 -0.8102652 0
0.3985574 0.8042575 -0.44082 0
-0.7246199 0.5707698 0.3861968 0
0.1848625 1.229594 -0.4910793 1

-0.5624835 -0.1293109 -0.8166342 0
0.1883411 0.9416882 -0.2788385 0
-0.8050717 0.3106477 0.5053294 0
0.1990931 1.236367 -0.4748544 1

-0.5062652 -0.2394972 -0.8284546 0
-0.1721572 0.9693936 -0.1750365 0
-0.8450196 -0.05400962 0.5320014 0
0.2074263 1.240471 -0.4544689 1

-0.4182294 -0.4264025 -0.8020383 0
0.1702862 0.8305096 -0.5303363 0
-0.8922372 0.358378 0.274733 0
0.2065443 1.236235 -0.4243085 1

0.2499023 -0.8797809 -0.4043944 0
-0.4187944 0.2783511 -0.8643681 0
-0.8730181 -0.3853656 0.2988864 0
0.1780293 1.231001 -0.1357431 1

-0.143045 -0.9713358 -0.1898555 0
-0.3816546 0.2311284 -0.8949412 0
-0.9131694 0.05555765 0.4037765 0
0.1935955 1.240463 -0.2375306 1

0.02913512 -0.9987525 -0.04055298 0
-0.9385476 -0.04129248 0.3426715 0
0.3439188 -0.02807709 0.9385798 0
0.195485 1.212671 -0.2488215 1

-0.2137195 -0.9765648 -0.02540793 0
-0.7060837 0.1364466 0.6948588 0
0.6751078 -0.1664449 0.7186975 0
0.1818321 1.19259 -0.247024 1

-0.3334846 -0.9426431 -0.01457152 0
-0.8898944 0.3096453 0.3349752 0
0.3112502 -0.1246761 0.9421144 0
0.1858786 1.169356 -0.2339244 1

-0.7896097 -0.4876371 -0.372461 0
0.3717968 0.1026691 -0.9226193 0
-0.4881436 0.8669888 -0.1002332 0
0.1222484 1.254564 -0.4858778 1

-0.5510612 -0.1190984 -0.8259222 0
0.03097078 0.9861615 -0.1628688 0
-0.8338902 0.11533 0.5397466 0
0.1983781 1.256867 -0.5060281 1

-0.5703178 -0.05443444 -0.8196188 0
-0.3811207 0.9014361 0.2053283 0
-0.7276573 -0.429476 0.534851 0
0.2060279 1.27104 -0.4851213 1

-0.6024031 -0.07885999 -0.794287 0
-0.5024397 0.8106855 0.3005722 0
-0.6202141 -0.580147 0.5279818 0
0.2010085 1.27661 -0.4609943 1

-0.4226347 -0.3742584 -0.8254157 0
-0.3026165 0.9167578 -0.2607267 0
-0.8542854 -0.1395923 0.5007102 0
0.2113382 1.259616 -0.4392385 1

0.3162541 -0.9470111 0.05615534 0
-0.04952174 -0.07559272 -0.9959085 0
-0.9473814 -0.3121792 0.07080412 0
0.1563421 1.245415 -0.1805042 1

-0.1135568 -0.9813508 -0.1550986 0
-0.8284241 0.1797029 -0.5304909 0
-0.5484695 -0.06824633 0.833381 0
0.1806532 1.2483 -0.2678789 1

0.08142836 -0.9897779 -0.1170871 0
0.02588701 -0.1153373 0.9929892 0
0.9963433 0.08388846 -0.01623076 0
0.1609279 1.211151 -0.2362045 1

-0.2007849 -0.971635 -0.1249433 0
0.5072398 -0.2122266 0.8352653 0
0.8380893 -0.1043325 -0.5354637 0
0.1555095 1.197677 -0.2211199 1

-0.2799159 -0.9544654 -0.1031661 0
0.08307418 -0.1311406 0.9878769 0
0.9564239 -0.2679521 -0.1159998 0
0.1608266 1.178073 -0.2244943 1

-0.7896097 -0.4876371 -0.372461 0
0.3717968 0.1026691 -0.9226193 0
-0.4881436 0.8669888 -0.1002332 0
0.1338985 1.257781 -0.5147877 1

-0.5510612 -0.1190984 -0.8259222 0
0.03097078 0.9861615 -0.1628688 0
-0.8338902 0.11533 0.5397466 0
0.1991803 1.282411 -0.5102468 1

-0.5703178 -0.05443444 -0.8196188 0
-0.3811207 0.9014361 0.2053283 0
-0.7276573 -0.429476 0.534851 0
0.1984243 1.289024 -0.4810248 1

-0.6024031 -0.07885999 -0.794287 0
-0.5024397 0.8106855 0.3005722 0
-0.6202141 -0.580147 0.5279818 0
0.1925652 1.290233 -0.4559433 1

-0.4226347 -0.3742584 -0.8254157 0
-0.3026165 0.9167578 -0.2607267 0
-0.8542854 -0.1395923 0.5007102 0
0.2048221 1.279356 -0.4448527 1

0.3162541 -0.9470111 0.05615534 0
-0.04952174 -0.07559272 -0.9959085 0
-0.9473814 -0.3121792 0.07080412 0
0.1547902 1.243046 -0.2117145 1

-0.1135568 -0.9813508 -0.1550986 0
-0.8284241 0.1797029 -0.5304909 0
-0.5484695 -0.06824633 0.833381 0
0.159195 1.252955 -0.2816199 1

0.08142836 -0.9897779 -0.1170871 0
0.02588701 -0.1153373 0.9929892 0
0.9963433 0.08388846 -0.01623076 0
0.1614443 1.20885 -0.2163934 1

-0.2007849 -0.971635 -0.1249433 0
0.5072398 -0.2122266 0.8352653 0
0.8380893 -0.1043325 -0.5354637 0
0.1640334 1.19411 -0.2070837 1

-0.2799159 -0.9544654 -0.1031661 0
0.08307418 -0.1311406 0.9878769 0
0.9564239 -0.2679521 -0.1159998 0
0.1626154 1.175249 -0.2032227 1

0.6294377 -0.0326076 0.7763665 0
-0.2321635 0.9455913 0.2279412 0
0.741558 0.3237187 -0.5876205 0
0.03799194 0.8733499 -0.007674851 1

0.8940356 -0.03882779 0.4463102 0
-0.01738955 0.9924786 0.1211772 0
0.4476584 0.1160978 -0.886636 0
0.02826704 0.9656987 0.004088034 1

-0.7297151 0.1624054 -0.664184 0
-0.1201864 -0.9867241 -0.109228 0
0.6731055 -0.0001205052 -0.7395465 0
-0.0150474 0.8455395 -0.08992943 1

-0.5499763 0.3186467 -0.7720042 0
0.4100937 -0.7022164 -0.5819926 0
0.727564 0.6366761 -0.2555274 0
0.1062299 0.8392574 0.05965771 1

0.8562635 -0.05661044 0.5134278 0
0.02119572 0.9969898 0.07457894 0
0.5161042 0.05297676 -0.8548859 0
0.02544039 1.127025 0.02378523 1

-0.8030125 0.1044812 -0.586732 0
-0.5762766 -0.3870784 0.7197747 0
0.1519084 -0.9161081 -0.3710389 0
-0.06532679 0.4327481 -0.1356245 1

-0.6445807 0.05402334 -0.7626252 0
0.04054998 -0.9936807 -0.1046644 0
0.7634601 0.09838906 -0.6383167 0
0.2777906 0.5454885 -0.1838161 1

0.8166029 -0.05109596 0.5749339 0
0.1499232 0.9806633 -0.1257879 0
0.5573893 -0.1889146 -0.808473 0
0.02834435 1.26362 0.03400309 1

-0.6754213 -0.00644879 -0.7374038 0
-0.4731547 -0.7631996 0.4400581 0
0.5656241 -0.6461307 -0.51243 0
-0.2897474 0.2820073 0.144679 1

-0.6776358 0.06575374 -0.7324523 0
0.2743622 -0.9014785 -0.3347566 0
0.6823013 0.4278002 -0.5928338 0
0.2935821 0.1585165 -0.2245759 1

0.8402242 -0.07851525 0.5365245 0
0.1770115 0.9749709 -0.1345312 0
0.512533 -0.2080073 -0.8330923 0
0.02488008 1.407936 0.05174937 1

0.7918118 -0.2887055 -0.5382224 0
-0.5900996 -0.1343287 -0.796077 0
-0.1575331 -0.9479479 0.2767281 0
-0.02770001 1.373825 0.01653118 1

-0.6028237 0.2474529 0.7585321 0
0.7570465 -0.1228263 0.6417122 0
-0.2519612 -0.9610832 0.1132909 0
0.07264814 1.367548 0.08718146 1

-0.7558197 0.08672345 -0.6490114 0
0.129894 -0.951632 -0.2784315 0
0.6417664 0.2947467 -0.7079973 0
-0.361667 0.1660009 0.2115679 1

-0.6416852 -0.01046971 -0.7668967 0
0.7626315 -0.1148904 -0.6365482 0
0.08144456 0.9933232 -0.08170798 0
0.3352851 0.02149159 -0.2754589 1

0.8402242 -0.07851525 0.5365245 0
0.1770115 0.9749709 -0.1345312 0
0.512533 -0.2080073 -0.8330923 0
0.03731308 1.448322 0.03818879 1

0.8736213 0.134065 -0.4677742 0
-0.2301327 -0.7331671 -0.6399258 0
0.4287481 -0.6667027 0.6096578 0
-0.1012618 1.35708 -0.08270777 1

0.4086312 0.2858656 0.8667766 0
0.6539061 -0.7542306 -0.05952835 0
-0.6367322 -0.5911155 0.4951313 0
0.1670212 1.352237 0.167177 1

-0.7558197 0.08672345 -0.6490114 0
0.129894 -0.951632 -0.2784315 0
0.6417664 0.2947467 -0.7079973 0
-0.3376367 -0.01005107 0.160058 1

-0.6416852 -0.01046971 -0.7668967 0
0.7626315 -0.1148904 -0.6365482 0
0.08144456 0.9933232 -0.08170798 0
0.476372 0.0002369285 -0.3932202 1

0.9770282 -0.177768 0.1175347 0
