MeshAnim
1
126
69
60
0.5753623 -0.03257827 0.8172495 0
-0.07036628 0.99353 0.08914486 0
0.8148661 0.1087974 -0.5693473 0
0.0004311639 0.9036997 0.0003359985 1

0.5821342 -0.04283349 0.8119637 0
0.002531236 0.998702 0.05086973 0
0.8130887 0.02755774 -0.5814871 0
0.006790365 0.9970818 -0.0004187241 1

-0.7994145 0.1615255 -0.5786585 0
0.1563029 -0.8740932 -0.4599244 0
0.580091 0.4581163 -0.673516 0
-0.05269473 0.8743173 -0.08131398 1

-0.153956 -0.1616994 -0.9747568 0
0.4204049 -0.9034884 0.08347693 0
0.8941796 0.3969407 -0.2070768 0
0.05816362 0.8680409 0.07615023 1

0.597418 -0.04936482 0.8004092 0
0.007656746 0.9984092 0.05586144 0
0.8018935 0.02724409 -0.5968456 0
0.007201817 1.15942 0.007850085 1

-0.9220036 0.1588185 -0.3531091 0
-0.15491 -0.9871386 -0.03950132 0
0.3548412 -0.01827974 -0.9347479 0
0.01269386 0.5086445 -0.2737212 1

-0.1004468 -0.2302057 -0.9679441 0
-0.2536744 -0.9347862 0.2486444 0
0.9620601 -0.2705182 -0.03549895 0
0.234038 0.4900708 0.1110724 1

0.6112561 -0.05376777 0.7896044 0
0.1998422 0.9758455 -0.08825397 0
0.7657866 -0.211742 -0.6072364 0
0.008250846 1.296209 0.01550351 1

-0.9248805 -0.01647299 -0.3799006 0
0.2313613 -0.817238 -0.5278201 0
0.3017745 0.5760649 -0.7596588 0
-0.04763307 0.1242208 -0.2891043 1

-0.1584215 -0.02773373 -0.986982 0
0.5714272 -0.8177688 -0.06874135 0
0.8052165 0.5748784 -0.1453999 0
0.1352488 0.1260341 0.2079028 1

0.6825542 -0.07513306 0.7269627 0
0.2313494 0.9657608 -0.1174035 0
0.6932511 -0.2483166 -0.6765661 0
0.002640044 1.440851 0.02969633 1

0.8668621 -0.3695012 -0.3346923 0
-0.4165935 -0.1680885 -0.8934181 0
-0.2738612 -0.9139012 0.2996414 0
-0.03799631 1.406954 -0.01896806 1

-0.5715224 0.3612824 0.7367748 0
0.7274999 -0.1922805 0.6586139 0
-0.379613 -0.9124162 0.1529403 0
0.03711797 1.400348 0.07806201 1

-0.9638765 0.003559867 -0.2663254 0
0.2663416 0.005265178 -0.9638643 0
0.002028959 0.9999798 0.006023124 0
-0.01246615 6.556511E-07 -0.369333 1

-0.07749596 -0.0008443128 -0.9969922 0
0.9969606 -0.008078629 -0.07748663 0
0.007988829 0.999967 -0.001467833 0
0.2221057 0.001733243 0.1974541 1

0.6825542 -0.07513306 0.7269627 0
0.2313494 0.9657608 -0.1174035 0
0.6932511 -0.2483166 -0.6765661 0
0.01910638 1.480464 0.01832993 1

0.9079821 0.06837864 -0.4133918 0
-0.08834834 -0.9331712 -0.3484049 0
0.4095888 -0.352868 0.8412616 0
-0.08992887 1.386 -0.1303416 1

0.09263417 0.2408979 0.9661196 0
0.3731643 -0.9079719 0.1906191 0
-0.9231292 -0.3428636 0.1740037 0
0.1278078 1.376379 0.1601645 1

-0.9638765 0.003559867 -0.2663254 0
0.2663416 0.005265178 -0.9638643 0
0.002028959 0.9999798 0.006023124 0
0.03680702 0.0009747744 -0.5476478 1

-0.07749596 -0.0008443128 -0.9969922 0
0.9969606 -0.008078629 -0.07748663 0
0.007988829 0.999967 -0.001467833 0
0.4065434 0.0002388358 0.183119 1

0.9819936 -0.1101018 0.153513 0
0.1355064 0.9767221 -0.1662897 0
0.1316306 -0.1840974 -0.9740542 0
0.03437362 1.517219 0.007794107 1

-0.4385033 0.1306338 -0.8891848 0
0.8973473 0.0087892 -0.4412374 0
0.04982541 0.9913917 0.1210781 0
-0.1143899 1.127633 -0.2268045 1

-0.05765286 -0.9946949 0.08519682 0
0.116208 -0.09144512 -0.9890065 0
-0.9915503 0.04711851 -0.1208637 0
0.2311258 1.124989 0.2129412 1

0.9819936 -0.1101018 0.153513 0
0.1355064 0.9767221 -0.1662897 0
0.1316306 -0.1840974 -0.9740542 0
0.09894316 1.87469 -0.1494746 1

0.1316327 -0.1840976 -0.9740539 0
-0.9819932 0.1101014 -0.1535151 0
-0.1355064 -0.9767221 0.1662897 0
0.02452969 1.655969 -0.1612944 1

-0.131614 0.1840977 0.9740564 0
0.9819958 -0.1101049 0.1534968 0
-0.1355067 -0.9767215 0.1662918 0
0.1244978 1.64476 -0.1456666 1

-0.5315784 -0.34404 -0.7739902 0
0.8100367 0.06054034 -0.5832455 0
-0.2475174 0.9370012 -0.2465031 0
0.1359233 1.130085 -0.3498867 1

-0.172713 -0.9354829 -0.3082893 0
-0.04742098 0.3205273 -0.9460517 0
-0.9838301 0.148776 0.09972069 0
0.2635418 1.09948 -0.06294015 1

-0.7900759 -0.3284268 -0.5176061 0
0.3803416 0.3995613 -0.8340809 0
-0.4807498 0.8558545 0.1907694 0
0.1396101 1.13693 -0.3855655 1

-0.5790448 -0.1861624 -0.7937574 0
0.6906074 0.4054542 -0.5988894 0
-0.4333228 0.8949584 0.106211 0
0.2087336 1.131362 -0.4289128 1

-0.5880408 -0.1761495 -0.789417 0
0.6887643 0.4026268 -0.6029058 0
-0.4240419 0.8982557 0.1154355 0
0.2211498 1.136977 -0.4106736 1

-0.5339788 -0.3218766 -0.7818326 0
0.6985872 0.352935 -0.6224251 0
-0.47628 0.8785402 -0.03639899 0
0.2313108 1.145223 -0.3914186 1

-0.4629846 -0.4702247 -0.7513547 0
0.784134 0.1779291 -0.5945376 0
-0.4132541 0.8644246 -0.2863408 0
0.2386839 1.153748 -0.3730842 1

0.1078365 -0.7022967 -0.7036695 0
-0.442628 0.5998589 -0.6665208 0
-0.8901977 -0.383339 0.2461695 0
0.2523493 1.131165 -0.07723484 1

-0.1601562 -0.9654731 -0.2054556 0
-0.1569686 0.2304041 -0.9603515 0
-0.9745311 0.1215562 0.1884494 0
0.259742 1.15418 -0.1553613 1

-0.09353967 -0.9902031 -0.1036741 0
-0.09300408 0.1123656 -0.989305 0
-0.9912621 0.08289719 0.1026034 0
0.2581143 1.132571 -0.162347 1

-0.3539551 -0.9332684 -0.06104335 0
-0.279344 0.1677832 -0.9454186 0
-0.8925709 0.3175837 0.3200905 0
0.2537736 1.110191 -0.1670684 1

-0.447697 -0.8906325 -0.0796317 0
-0.1862943 0.1800033 -0.9658641 0
-0.8745639 0.4175795 0.2465065 0
0.2487251 1.089402 -0.169414 1

-0.0905067 0.06748464 -0.9936069 0
0.1545545 0.9865658 0.05292825 0
-0.9838301 0.148776 0.09972069 0
0.2314756 1.159425 -0.1879497 1

-0.6763651 -0.2188483 -0.7033034 0
0.5454957 0.4927786 -0.6779407 0
-0.4949389 0.8421845 0.2139175 0
0.1567784 1.154966 -0.4232154 1

-0.5501434 -0.1552507 -0.8205117 0
0.4281653 0.7911408 -0.4367731 0
-0.7169496 0.5916026 0.368768 0
0.2470574 1.153862 -0.4621469 1

-0.549344 -0.119097 -0.8270654 0
0.218444 0.9349013 -0.2797177 0
-0.8065379 0.3343287 0.4875663 0
0.2611355 1.160351 -0.4456747 1

-0.4958079 -0.2307767 -0.8372077 0
-0.1431962 0.9725742 -0.1832874 0
-0.856545 -0.02900967 0.5152562 0
0.2691666 1.164349 -0.4251474 1

-0.4132402 -0.4197665 -0.8081017 0
0.2024815 0.8228451 -0.5309681 0
-0.8878253 0.3830431 0.2550378 0
0.2675751 1.160304 -0.3949898 1

0.2446197 -0.8861059 -0.3936724 0
-0.3884004 0.2824631 -0.8771318 0
-0.8884292 -0.3674663 0.2750676 0
0.2323686 1.158243 -0.1073222 1

-0.1560022 -0.9692717 -0.1902002 0
-0.3513041 0.2344127 -0.9064415 0
-0.9231733 0.07458878 0.3770778 0
0.2510314 1.166965 -0.2086541 1

0.01126204 -0.9992923 -0.03589338 0
-0.9486249 -0.02202823 0.315635 0
0.3162023 -0.03049458 0.9482017 0
0.252715 1.139094 -0.21978 1

-0.2314609 -0.972446 -0.02783716 0
-0.7230371 0.1528115 0.6736959 0
0.650879 -0.1760615 0.7384844 0
0.238636 1.119283 -0.2183002 1

-0.3508195 -0.9362168 -0.02058797 0
-0.8930961 0.3278881 0.3080079 0
0.2816118 -0.1264421 0.9511611 0
0.2418612 1.096034 -0.2050011 1

-0.7945567 -0.4689199 -0.385738 0
0.3926117 0.08784173 -0.9154997 0
-0.4631799 0.8788618 -0.1143082 0
0.1850279 1.180485 -0.4583237 1

-0.5374754 -0.1092374 -0.8361741 0
0.06002037 0.984104 -0.1671427 0
-0.8411408 0.1400226 0.5223753 0
0.261577 1.18069 -0.4769583 1

-0.5551535 -0.0440593 -0.8305802 0
-0.3613824 0.9121913 0.1931569 0
-0.7491376 -0.407389 0.5223284 0
0.2691785 1.194774 -0.4559739 1

-0.5883648 -0.06749934 -0.8057734 0
-0.4869042 0.8251637 0.2864072 0
-0.6455628 -0.5608463 0.518363 0
0.2638284 1.200606 -0.4319802 1

-0.4158135 -0.3676548 -0.8318228 0
-0.273261 0.9228876 -0.2713059 0
-0.8674259 -0.114492 0.4842148 0
0.2732753 1.183468 -0.4099376 1

0.2964141 -0.9525748 0.06885071 0
-0.02230838 -0.07897644 -0.9966269 0
-0.9547991 -0.2938782 0.04466003 0
0.2122554 1.17287 -0.1527442 1

-0.1277215 -0.9796916 -0.1545695 0
-0.809262 0.1930396 -0.5548253 0
-0.5733956 -0.05422408 0.8174824 0
0.2391183 1.174915 -0.2393924 1

0.06589405 -0.9916424 -0.1109223 0
-0.004865736 -0.111482 0.9937547 0
0.9978148 0.06494271 0.01217127 0
0.2177868 1.138283 -0.2081584 1

-0.215579 -0.9681957 -0.1269765 0
0.478888 -0.2181493 0.8503397 0
0.8509948 -0.1225078 -0.5106856 0
0.2116815 1.12498 -0.1931851 1

-0.2949615 -0.9494364 -0.1075571 0
0.05213279 -0.1283884 0.9903529 0
0.9540862 -0.2865087 -0.08736619 0
0.216719 1.105265 -0.1963301 1

-0.7945567 -0.4689199 -0.385738 0
0.3926117 0.08784173 -0.9154997 0
-0.4631799 0.8788618 -0.1143082 0
0.1973301 1.183237 -0.4870104 1

-0.5374754 -0.1092374 -0.8361741 0
0.06002037 0.984104 -0.1671427 0
-0.8411408 0.1400226 0.5223753 0
0.2631316 1.206181 -0.4812878 1

-0.5551535 -0.0440593 -0.8305802 0
-0.3613824 0.9121913 0.1931569 0
-0.7491376 -0.407389 0.5223284 0
0.2619689 1.212973 -0.4521204 1

-0.5883648 -0.06749934 -0.8057734 0
-0.4869042 0.8251637 0.2864072 0
-0.6455628 -0.5608463 0.518363 0
0.2556461 1.214472 -0.4271672 1

-0.4158135 -0.3676548 -0.8318228 0
-0.273261 0.9228876 -0.2713059 0
-0.8674259 -0.114492 0.4842148 0
0.2673912 1.203341 -0.4157795 1

0.2964141 -0.9525748 0.06885071 0
-0.02230838 -0.07897644 -0.9966269 0
-0.9547991 -0.2938782 0.04466003 0
0.2115563 1.170395 -0.1839771 1

-0.1277215 -0.9796916 -0.1545695 0
-0.809262 0.1930396 -0.5548253 0
-0.5733956 -0.05422408 0.8174824 0
0.2181565 1.179915 -0.2537638 1

0.06589405 -0.9916424 -0.1109223 0
-0.004865736 -0.111482 0.9937547 0
0.9978148 0.06494271 0.01217127 0
0.2176897 1.136059 -0.1883321 1

-0.215579 -0.9681957 -0.1269765 0
0.478888 -0.2181493 0.8503397 0
0.8509948 -0.1225078 -0.5106856 0
0.219729 1.121314 -0.1788955 1

-0.2949615 -0.9494364 -0.1075571 0
0.05213279 -0.1283884 0.9903529 0
0.9540862 -0.2865087 -0.08736619 0
0.2178415 1.1025 -0.1750052 1

0.5753804 -0.03258346 0.8172367 0
-0.07062192 0.9934949 0.08933272 0
0.8148313 0.1091151 -0.5693364 0
0.0004285247 0.9036582 0.0003383877 1

0.582159 -0.04285194 0.811945 0
0.002379342 0.9986957 0.05100209 0
0.8130715 0.02775944 -0.5815017 0
0.00676359 0.9970421 -0.0003988298 1

-0.7994629 0.1615183 -0.5785942 0
0.1563745 -0.8740122 -0.460054 0
0.5800054 0.4582735 -0.6734829 0
-0.05269074 0.8742775 -0.0813165 1

-0.1539064 -0.1617004 -0.9747647 0
0.4205175 -0.9034366 0.08347213 0
0.8941352 0.3970586 -0.2070425 0
0.05817109 0.868 0.07614524 1

0.5974503 -0.04927446 0.8003907 0
0.007294546 0.998403 0.0560197 0
0.8018728 0.02763051 -0.5968556 0
0.007150351 1.159379 0.007891494 1

-0.9219949 0.1588468 -0.3531194 0
-0.1549961 -0.9871311 -0.03935502 0
0.3548263 -0.01844702 -0.9347503 0
0.01272781 0.5086385 -0.273778 1

-0.1004581 -0.230215 -0.9679409 0
-0.2538165 -0.9347431 0.2486617 0
0.9620215 -0.2706595 -0.03547004 0
0.2340926 0.4900517 0.1110654 1

0.6111587 -0.05380657 0.7896773 0
0.1991865 0.9760336 -0.08765294 0
0.7660351 -0.2108629 -0.6072288 0
0.008149753 1.296167 0.01556661 1

-0.9248805 -0.01647318 -0.3799011 0
0.2313616 -0.8172382 -0.52782 0
0.3017746 0.5760648 -0.7596587 0
-0.04763265 0.1242178 -0.2891041 1

-0.1584215 -0.02773867 -0.9869821 0
0.5714276 -0.8177688 -0.06873737 0
0.8052163 0.5748781 -0.1454027 0
0.135248 0.1260318 0.2079025 1

0.6824318 -0.07527125 0.7270635 0
0.2309235 0.9659424 -0.1167461 0
0.6935136 -0.2475673 -0.6765715 0
0.002437146 1.440797 0.0298425 1

0.8674353 -0.3683327 -0.3344951 0
-0.415643 -0.1669065 -0.8940825 0
-0.2734904 -0.9145892 0.2978754 0
-0.03816764 1.406901 -0.01884849 1

-0.5672382 0.3587243 0.7413216 0
0.7321927 -0.1924035 0.6533567 0
-0.3770078 -0.913399 0.1535167 0
0.03693466 1.40029 0.07819051 1

-0.9638766 0.00355972 -0.2663259 0
0.2663418 0.005265079 -0.9638644 0
0.002028802 0.99998 0.006023083 0
-0.01246569 -2.324581E-06 -0.3693327 1

-0.07749593 -0.0008492451 -0.9969926 0
0.9969608 -0.008078536 -0.07748654 0
0.007988414 0.9999672 -0.001472734 0
0.222105 0.001730919 0.1974544 1

0.6824318 -0.07527125 0.7270635 0
0.2309235 0.9659424 -0.1167461 0
0.6935136 -0.2475673 -0.6765715 0
0.01888742 1.480425 0.01850458 1

0.9082664 0.06841173 -0.4127618 0
-0.08843882 -0.9328583 -0.3492194 0
0.408939 -0.3536882 0.8412336 0
-0.08998168 1.386094 -0.1303048 1

0.09378624 0.2432073 0.9654297 0
0.3737959 -0.9073643 0.1922675 0
-0.9227572 -0.3428416 0.1760081 0
0.1282095 1.376305 0.1596377 1

-0.9638766 0.00355972 -0.2663259 0
0.2663418 0.005265079 -0.9638644 0
0.002028802 0.99998 0.006023083 0
0.03680756 0.0009717345 -0.5476477 1

-0.07749593 -0.0008492451 -0.9969926 0
0.9969608 -0.008078536 -0.07748654 0
0.007988414 0.9999672 -0.001472734 0
0.4065427 0.0002364516 0.1831194 1

0.9819634 -0.1105355 0.1533943 0
0.1358154 0.976805 -0.1655483 0
0.1315372 -0.1833957 -0.9741991 0
0.03413978 1.517194 0.007995161 1

-0.4380055 0.1304398 -0.889459 0
0.8975892 0.008590182 -0.4407492 0
0.04985074 0.9914192 0.1208438 0
-0.1144677 1.127814 -0.2269932 1

-0.05686857 -0.9947886 0.08462685 0
0.1136727 -0.09066442 -0.9893728 0
-0.9918894 0.04664452 -0.1182363 0
0.2317023 1.125083 0.2128708 1

0.9819634 -0.1105355 0.1533943 0
0.1358154 0.976805 -0.1655483 0
0.1315372 -0.1833957 -0.9741991 0
0.09881903 1.874764 -0.1490027 1

0.1315394 -0.1833959 -0.9741989 0
-0.981963 0.1105351 -0.1533965 0
-0.1358154 -0.976805 0.1655483 0
0.02433466 1.656076 -0.1609869 1

-0.1315206 0.1833959 0.9742013 0
0.9819657 -0.1105386 0.1533781 0
-0.1358157 -0.9768047 0.1655504 0
0.1242997 1.644823 -0.1453712 1

-0.5315531 -0.3440814 -0.7739897 0
0.8100314 0.06060325 -0.5832467 0
-0.2475907 0.9369822 -0.2465029 0
0.1359129 1.13021 -0.3499392 1

-0.1725315 -0.9353734 -0.3087223 0
-0.04780483 0.3210046 -0.9458704 0
-0.9838433 0.1484341 0.1000987 0
0.2634111 1.099793 -0.06311279 1

-0.7900513 -0.3284882 -0.5176051 0
0.3803093 0.399591 -0.8340815 0
-0.4808161 0.8558172 0.1907701 0
0.1395991 1.137055 -0.3856181 1

-0.5790318 -0.1862074 -0.7937568 0
0.6905749 0.4055079 -0.5988903 0
-0.4333924 0.8949249 0.1062116 0
0.2087231 1.131492 -0.4289655 1

-0.5880287 -0.1761954 -0.7894165 0
0.6887323 0.4026803 -0.6029068 0
-0.4241116 0.8982227 0.1154359 0
0.2211389 1.137109 -0.4107262 1

-0.5339553 -0.3219181 -0.7818321 0
0.6985589 0.3529893 -0.622426 0
-0.4763485 0.878503 -0.03639844 0
0.2312991 1.145356 -0.3914713 1

-0.4629494 -0.4702609 -0.7513543 0
0.7841195 0.1779901 -0.5945387 0
-0.4133219 0.8643926 -0.2863404 0
0.2386717 1.153881 -0.373137 1

0.1078284 -0.7018993 -0.7040671 0
-0.4430087 0.6000744 -0.6660739 0
-0.8900094 -0.3837294 0.2462424 0
0.2522048 1.131481 -0.07738759 1

-0.1599343 -0.9654133 -0.2059081 0
-0.15733 0.2308567 -0.9601837 0
-0.9745095 0.1211708 0.1888105 0
0.259567 1.154539 -0.1555044 1

-0.09327948 -0.9901766 -0.1041598 0
-0.09333959 0.1128521 -0.989218 0
-0.9912552 0.08255156 0.1029495 0
0.2579433 1.132934 -0.1625008 1

-0.3536987 -0.9333408 -0.06141996 0
-0.2796824 0.1681918 -0.9452457 0
-0.8925664 0.3171541 0.3205281 0
0.2536079 1.110555 -0.1672325 1

-0.4474588 -0.890723 -0.07995753 0
-0.1866427 0.18045 -0.9657134 0
-0.8746116 0.4171934 0.2469907 0
0.2485648 1.089765 -0.1695873 1

-0.09083036 0.06797409 -0.9935439 0
0.1542798 0.9865835 0.05339351 0
-0.9838433 0.1484341 0.1000987 0
0.2312889 1.159793 -0.1880813 1

-0.6763495 -0.218901 -0.7033027 0
0.5454565 0.4928212 -0.6779417 0
-0.4950042 0.8421463 0.2139181 0
0.156766 1.155092 -0.423268 1

-0.5501328 -0.1552935 -0.820511 0
0.4281033 0.7911742 -0.4367738 0
-0.7169952 0.5915468 0.368769 0
0.2470451 1.153995 -0.4621997 1

-0.5493361 -0.1191398 -0.8270648 0
0.218371 0.9349184 -0.279718 0
-0.8065634 0.3342662 0.4875674 0
0.2611226 1.160486 -0.4457275 1

-0.4957914 -0.2308153 -0.8372073 0
-0.1432722 0.9725634 -0.1832874 0
-0.8565421 -0.02907624 0.5152574 0
0.2691536 1.164484 -0.4252002 1

-0.4132091 -0.4197988 -0.8081014 0
0.2024168 0.8228612 -0.5309684 0
-0.8878549 0.3829742 0.255039 0
0.2675623 1.160439 -0.3950425 1

0.2447605 -0.8858288 -0.3942074 0
-0.3887519 0.2828041 -0.8768661 0
-0.8882366 -0.3678711 0.2751482 0
0.2322071 1.158569 -0.1074547 1

-0.1557745 -0.9692187 -0.190656 0
-0.3516504 0.2347799 -0.9062122 0
-0.92308 0.07412057 0.3773986 0
0.2508362 1.16735 -0.2087879 1

0.01154559 -0.9992701 -0.03641591 0
-0.948522 -0.02247195 0.3159133 0
0.3165011 -0.03089393 0.9480889 0
0.2525246 1.139485 -0.2199287 1

-0.2311826 -0.9724995 -0.02827161 0
-0.7228761 0.1522483 0.673996 0
0.6511567 -0.1762531 0.7381939 0
0.238452 1.119669 -0.218455 1

-0.3505498 -0.9363096 -0.02096704 0
-0.8930987 0.3274647 0.3084512 0
0.2819398 -0.1268532 0.9510092 0
0.241688 1.096414 -0.2051689 1

-0.794521 -0.4689818 -0.3857371 0
0.3926035 0.08787225 -0.9155005 0
-0.4632485 0.8788259 -0.1143076 0
0.1850134 1.180614 -0.4583764 1

-0.5374683 -0.1092793 -0.8361736 0
0.05994367 0.984109 -0.167143 0
-0.8411511 0.1399574 0.5223765 0
0.2615625 1.180825 -0.4770111 1

-0.5551516 -0.04410248 -0.8305796 0
-0.3614532 0.9121634 0.1931575 0
-0.7491052 -0.4074473 0.5223293 0
0.269163 1.19491 -0.4560266 1

-0.588361 -0.06754509 -0.8057727 0
-0.4869681 0.8251261 0.2864078 0
-0.6455184 -0.5608967 0.5183638 0
0.2638125 1.200741 -0.432033 1

-0.4157864 -0.3676873 -0.8318223 0
-0.2733331 0.9228666 -0.2713056 0
-0.8674165 -0.1145595 0.4842161 0
0.2732607 1.183604 -0.4099903 1

0.2967159 -0.9525227 0.06826523 0
-0.02258965 -0.07846531 -0.9966609 0
-0.9546989 -0.294183 0.04479924 0
0.2120756 1.173214 -0.152863 1

-0.12748 -0.9796488 -0.1550394 0
-0.8094885 0.1930891 -0.5544776 0
-0.5731298 -0.05481784 0.8176291 0
0.2389113 1.175312 -0.2395183 1

0.06615242 -0.9915649 -0.1114577 0
-0.004529029 -0.1119996 0.9936981 0
0.9977993 0.06523075 0.01189998 0
0.2176003 1.138658 -0.2082969 1

-0.2153323 -0.9681931 -0.1274135 0
0.4792122 -0.2184498 0.8500797 0
0.8508747 -0.1219916 -0.5110093 0
0.2115035 1.125345 -0.1933286 1

-0.2947145 -0.9494673 -0.1079602 0
0.05247334 -0.1288875 0.99027 0
0.9541439 -0.286182 -0.08780676 0
0.2165458 1.105633 -0.1964854 1

-0.794521 -0.4689818 -0.3857371 0
0.3926035 0.08787225 -0.9155005 0
-0.4632485 0.8788259 -0.1143076 0
0.1973154 1.183367 -0.4870631 1

-0.5374683 -0.1092793 -0.8361736 0
0.05994367 0.984109 -0.167143 0
-0.8411511 0.1399574 0.5223765 0
0.2631153 1.206316 -0.4813406 1

-0.5551516 -0.04410248 -0.8305796 0
-0.3614532 0.9121634 0.1931575 0
-0.7491052 -0.4074473 0.5223293 0
0.2619518 1.213108 -0.4521731 1

-0.588361 -0.06754509 -0.8057727 0
-0.4869681 0.8251261 0.2864078 0
-0.6455184 -0.5608967 0.5183638 0
0.2556292 1.214607 -0.42722 1

-0.4157864 -0.3676873 -0.8318223 0
-0.2733331 0.9228666 -0.2713056 0
-0.8674165 -0.1145595 0.4842161 0
0.2673751 1.203476 -0.4158323 1

0.2967159 -0.9525227 0.06826523 0
-0.02258965 -0.07846531 -0.9966609 0
-0.9546989 -0.294183 0.04479924 0
0.2113677 1.170755 -0.1840969 1

-0.12748 -0.9796488 -0.1550394 0
-0.8094885 0.1930891 -0.5544776 0
-0.5731298 -0.05481784 0.8176291 0
0.2179437 1.180313 -0.2538806 1

0.06615242 -0.9915649 -0.1114577 0
-0.004529029 -0.1119996 0.9936981 0
0.9977993 0.06523075 0.01189998 0
0.2175099 1.136423 -0.1884717 1

-0.2153323 -0.9681931 -0.1274135 0
0.4792122 -0.2184498 0.8500797 0
0.8508747 -0.1219916 -0.5110093 0
0.2195564 1.121674 -0.1790434 1

-0.2947145 -0.9494673 -0.1079602 0
0.05247334 -0.1288875 0.99027 0
0.9541439 -0.286182 -0.08780676 0
0.2176757 1.102857 -0.1751623 1

0.5753969 -0.03258824 0.8172249 0
-0.07088669 0.9934587 0.08952623 0
0.8147967 0.1094435 -0.5693229 0
0.0004234334 0.9036079 0.0003426571 1

0.582181 -0.04286947 0.8119283 0
0.002234371 0.9986896 0.05112828 0
0.8130562 0.02795177 -0.5815139 0
0.006733526 0.9969937 -0.0003764937 1

-0.7995111 0.1615105 -0.5785295 0
0.1564566 -0.8739232 -0.4601952 0
0.5799168 0.4584459 -0.6734419 0
-0.05268876 0.8742288 -0.08131743 1

-0.153854 -0.1616988 -0.9747732 0
0.4206446 -0.9033782 0.08346289 0
0.8940847 0.3971918 -0.2070059 0
0.05817626 0.8679504 0.07614204 1

0.5974738 -0.04919466 0.800378 0
0.006960475 0.998397 0.05616985 0
0.8018583 0.027989 -0.5968584 0
0.007096717 1.159329 0.007934344 1

-0.9219855 0.1588768 -0.3531302 0
-0.1550866 -0.9871228 -0.03920184 0
0.3548112 -0.0186223 -0.9347526 0
0.01276412 0.5086271 -0.273838 1

-0.1004702 -0.2302229 -0.9679378 0
-0.2539665 -0.934698 0.2486781 0
0.9619808 -0.2708085 -0.03544027 0
0.2341509 0.4900265 0.1110583 1

0.6110544 -0.05384803 0.7897551 0
0.1985804 0.976208 -0.08708588 0
0.7662758 -0.210044 -0.6072092 0
0.008050356 1.296117 0.01563002 1

-0.9248803 -0.0164733 -0.3799015 0
0.2313621 -0.817238 -0.5278199 0
0.3017751 0.5760649 -0.7596586 0
-0.04763165 0.1242097 -0.2891044 1

-0.1584211 -0.02774318 -0.986982 0
0.571428 -0.8177689 -0.06873357 0
0.8052162 0.5748778 -0.145405 0
0.1352479 0.1260241 0.2079018 1

0.6823107 -0.07540476 0.7271633 0
0.2305344 0.9661093 -0.1161318 0
0.6937624 -0.246874 -0.67657 0
0.002243151 1.440735 0.02998376 1

0.8679838 -0.3672331 -0.3342814 0
-0.4147114 -0.1657574 -0.8947284 0
-0.2731643 -0.91524 0.2961706 0
-0.0383315 1.406839 -0.01873283 1

-0.5654118 0.3568981 0.7435949 0
0.7347004 -0.1918103 0.6507105 0
-0.3748665 -0.9142388 0.1537613 0
0.03675798 1.400224 0.07831572 1

-0.9638765 0.003559569 -0.2663262 0
0.2663424 0.005265104 -0.9638642 0
0.00202877 0.9999799 0.00602301 0
-0.0124646 -1.055002E-05 -0.3693331 1

-0.07749566 -0.0008537732 -0.9969926 0
0.9969609 -0.008078493 -0.07748622 0
0.007988006 0.9999671 -0.001477184 0
0.222105 0.00172323 0.1974543 1

0.6823107 -0.07540476 0.7271633 0
0.2305344 0.9661093 -0.1161318 0
0.6937624 -0.246874 -0.67657 0
0.01867886 1.480376 0.01867251 1

0.9085355 0.06844852 -0.4121627 0
-0.0885331 -0.9325476 -0.3500242 0
0.4083201 -0.3544995 0.8411926 0
-0.09002942 1.386176 -0.1302697 1

0.09539357 0.2440333 0.9650636 0
0.3749956 -0.9068726 0.1922514 0
-0.9221054 -0.3435552 0.1780211 0
0.1283454 1.376313 0.159433 1

-0.9638765 0.003559569 -0.2663262 0
0.2663424 0.005265104 -0.9638642 0
0.00202877 0.9999799 0.00602301 0
0.03680876 0.0009634495 -0.5476479 1

-0.07749566 -0.0008537732 -0.9969926 0
0.9969609 -0.008078493 -0.07748622 0
0.007988006 0.9999671 -0.001477184 0
0.4065427 0.000228703 0.1831194 1

0.9819278 -0.1109773 0.1533029 0
0.1361362 0.9768879 -0.1647939 0
0.1314715 -0.1826858 -0.9743414 0
0.03391768 1.517159 0.008187842 1

-0.4375334 0.1302392 -0.8897204 0
0.8978193 0.008414972 -0.4402841 0
0.04985538 0.9914469 0.1206128 0
-0.1145416 1.127982 -0.2271809 1

-0.0556287 -0.9949649 0.08337012 0
0.110953 -0.08914239 -0.9898198 0
-0.9922676 0.04581218 -0.1153532 0
0.2321705 1.125227 0.2126617 1

0.9819278 -0.1109773 0.1533029 0
0.1361362 0.9768879 -0.1647939 0
0.1314715 -0.1826858 -0.9743414 0
0.09871374 1.874829 -0.1485339 1

0.1314738 -0.182686 -0.9743411 0
-0.9819275 0.1109769 -0.1533051 0
-0.1361362 -0.9768879 0.1647939 0
0.0241573 1.656175 -0.1606868 1

-0.1314548 0.182686 0.9743436 0
0.9819301 -0.1109804 0.1532868 0
-0.1361364 -0.9768875 0.164796 0
0.1241188 1.644877 -0.1450804 1

-0.53153 -0.3441191 -0.7739885 0
0.8100249 0.06066493 -0.5832492 0
-0.2476611 0.9369644 -0.2464999 0
0.1359032 1.130329 -0.3499972 1

-0.1721374 -0.9350999 -0.309769 0
-0.04864699 0.3221489 -0.9454385 0
-0.983871 0.147676 0.1009436 0
0.2631205 1.100361 -0.06344657 1

-0.7900285 -0.3285457 -0.517603 0
0.3802768 0.3996212 -0.8340819 0
-0.4808792 0.8557809 0.1907736 0
0.1395887 1.137175 -0.385676 1

-0.5790203 -0.1862486 -0.7937551 0
0.690543 0.4055606 -0.5988919 0
-0.4334585 0.8948924 0.106215 0
0.208713 1.131617 -0.4290236 1

-0.588018 -0.1762372 -0.7894148 0
0.6887003 0.402733 -0.6029081 0
-0.424178 0.898191 0.1154393 0
0.2211284 1.137235 -0.4107844 1

-0.5339337 -0.3219559 -0.7818307 0
0.6985306 0.3530426 -0.6224276 0
-0.4764138 0.8784676 -0.03639486 0
0.2312882 1.145483 -0.3915295 1

-0.4629168 -0.4702935 -0.7513536 0
0.7841043 0.1780497 -0.594541 0
-0.4133872 0.8643623 -0.2863371 0
0.2386601 1.154008 -0.3731952 1

0.1078064 -0.7009544 -0.7050115 0
-0.4438421 0.6006162 -0.6650298 0
-0.8895965 -0.3846082 0.2463626 0
0.2518843 1.13206 -0.07767444 1

-0.1594519 -0.9652595 -0.2070006 0
-0.1581238 0.2319483 -0.9597901 0
-0.9744598 0.1203085 0.1896151 0
0.2591791 1.15522 -0.1557674 1

-0.09271267 -0.9901063 -0.105328 0
-0.09407702 0.114021 -0.989014 0
-0.9912387 0.08178513 0.1037175 0
0.2575647 1.133622 -0.1627896 1

-0.3531396 -0.9334912 -0.06234269 0
-0.2804258 0.1691862 -0.9448478 0
-0.8925546 0.3161806 0.3215215 0
0.2532405 1.111246 -0.1675462 1

-0.4469394 -0.890911 -0.08076435 0
-0.1874078 0.1815297 -0.9653628 0
-0.8747134 0.4163228 0.2480963 0
0.2482092 1.090457 -0.1699235 1

-0.09154186 0.06915011 -0.9933975 0
0.1536812 0.9866154 0.05451632 0
-0.983871 0.147676 0.1009436 0
0.2308759 1.160496 -0.1883189 1

-0.6763353 -0.2189496 -0.7033007 0
0.5454175 0.4928632 -0.6779423 0
-0.4950663 0.8421088 0.2139217 0
0.1567542 1.155213 -0.4233259 1

-0.5501239 -0.1553324 -0.8205096 0
0.428043 0.791207 -0.4367735 0
-0.717038 0.5914927 0.3687727 0
0.2470331 1.154123 -0.4622578 1

-0.5493299 -0.1191787 -0.827063 0
0.2183004 0.934935 -0.2797168 0
-0.8065866 0.3342049 0.4875708 0
0.2611102 1.160615 -0.4457857 1

-0.4957769 -0.2308502 -0.8372058 0
-0.1433451 0.972553 -0.1832847 0
-0.8565382 -0.02914121 0.5152602 0
0.2691411 1.164614 -0.4252585 1

-0.4131804 -0.4198274 -0.8081008 0
0.2023538 0.8228772 -0.5309674 0
-0.8878826 0.3829075 0.2550428 0
0.2675502 1.160568 -0.3951008 1

0.2450651 -0.8851806 -0.3954726 0
-0.3895229 0.2836431 -0.8762527 0
-0.8878148 -0.3687846 0.275287 0
0.2318489 1.159173 -0.1076944 1

-0.1552794 -0.969081 -0.1917561 0
-0.3524102 0.2356793 -0.9056833 0
-0.9228734 0.07305705 0.3781101 0
0.2504043 1.168091 -0.209029 1

0.01216376 -0.9992164 -0.03766587 0
-0.9482946 -0.02347535 0.3165219 0
0.3171582 -0.03186822 0.9478371 0
0.2521032 1.140242 -0.2202057 1

-0.2305762 -0.9726124 -0.02932528 0
-0.7225206 0.1509451 0.6746703 0
0.6517659 -0.1767509 0.7375369 0
0.2380443 1.120414 -0.2187472 1

-0.3499616 -0.9365082 -0.02189562 0
-0.8931014 0.3265059 0.3094576 0
0.2826604 -0.1278532 0.9506613 0
0.2413042 1.097145 -0.2054921 1

-0.7944874 -0.4690398 -0.3857353 0
0.3925942 0.08790363 -0.9155014 0
-0.4633142 0.8787917 -0.1143042 0
0.1849995 1.180737 -0.4584343 1

-0.5374629 -0.1093173 -0.8361719 0
0.05986991 0.9841138 -0.167141 0
-0.8411597 0.1398935 0.5223796 0
0.2615485 1.180954 -0.4770693 1

-0.555151 -0.04414179 -0.8305779 0
-0.3615205 0.9121358 0.1931607 0
-0.7490733 -0.4075043 0.5223311 0
0.2691481 1.195039 -0.4560848 1

-0.5883585 -0.067587 -0.8057708 0
-0.4870284 0.825089 0.2864113 0
-0.6454749 -0.5609457 0.5183648 0
0.2637973 1.20087 -0.4320912 1

-0.4157616 -0.3677162 -0.8318216 0
-0.2734027 0.9228469 -0.2713027 0
-0.8674064 -0.1146251 0.4842187 0
0.2732469 1.183734 -0.4100485 1

0.2973742 -0.9524157 0.06688187 0
-0.02320927 -0.07724121 -0.9967424 0
-0.954479 -0.2948532 0.04507437 0
0.2116776 1.173861 -0.1530709 1

-0.1269542 -0.9795373 -0.1561715 0
-0.8099849 0.1932566 -0.5536934 0
-0.5725446 -0.0562029 0.8179451 0
0.2384537 1.176084 -0.2397416 1

0.06671514 -0.991383 -0.1127346 0
-0.003789127 -0.1132372 0.9935609 0
0.9977649 0.0658585 0.01131111 0
0.2171872 1.139377 -0.2085514 1

-0.2147952 -0.9681726 -0.1284724 0
0.479924 -0.2191973 0.8494856 0
0.8506092 -0.1208085 -0.5117317 0
0.211109 1.126042 -0.1935957 1

-0.2941763 -0.9495221 -0.1089425 0
0.05322188 -0.130084 0.9900738 0
0.9542683 -0.2854581 -0.08880284 0
0.2161619 1.106337 -0.1967803 1

-0.7944874 -0.4690398 -0.3857353 0
0.3925942 0.08790363 -0.9155014 0
-0.4633142 0.8787917 -0.1143042 0
0.1973013 1.183491 -0.4871211 1

-0.5374629 -0.1093173 -0.8361719 0
0.05986991 0.9841138 -0.167141 0
-0.8411597 0.1398935 0.5223796 0
0.2630994 1.206445 -0.4813988 1

-0.555151 -0.04414179 -0.8305779 0
-0.3615205 0.9121358 0.1931607 0
-0.7490733 -0.4075043 0.5223311 0
0.2619357 1.213237 -0.4522313 1

-0.5883585 -0.067587 -0.8057708 0
-0.4870284 0.825089 0.2864113 0
-0.6454749 -0.5609457 0.5183648 0
0.255613 1.214735 -0.4272782 1

-0.4157616 -0.3677162 -0.8318216 0
-0.2734027 0.9228469 -0.2713027 0
-0.8674064 -0.1146251 0.4842187 0
0.2673598 1.203605 -0.4158905 1

0.2973742 -0.9524157 0.06688187 0
-0.02320927 -0.07724121 -0.9967424 0
-0.954479 -0.2948532 0.04507437 0
0.2109502 1.17144 -0.1843075 1

-0.1269542 -0.9795373 -0.1561715 0
-0.8099849 0.1932566 -0.5536934 0
-0.5725446 -0.0562029 0.8179451 0
0.2174732 1.181089 -0.2540836 1

0.06671514 -0.991383 -0.1127346 0
-0.003789127 -0.1132372 0.9935609 0
0.9977649 0.0658585 0.01131111 0
0.2171116 1.137118 -0.188729 1

-0.2147952 -0.9681726 -0.1284724 0
0.479924 -0.2191973 0.8494856 0
0.8506092 -0.1208085 -0.5117317 0
0.2191739 1.122358 -0.1793204 1

-0.2941763 -0.9495221 -0.1089425 0
0.05322188 -0.130084 0.9900738 0
0.9542683 -0.2854581 -0.08880284 0
0.2173079 1.103536 -0.1754614 1

0.575412 -0.03259263 0.817214 0
-0.07116038 0.9934211 0.08972526 0
0.8147621 0.1097823 -0.5693072 0
0.0004156802 0.9035503 0.0003489534 1

0.5822006 -0.042886 0.8119133 0
0.002096283 0.9986838 0.05124819 0
0.8130425 0.02813473 -0.5815243 0
0.006699976 0.9969379 -0.0003515868 1

-0.7995597 0.1615022 -0.5784647 0
0.1565487 -0.8738264 -0.4603477 0
0.5798249 0.4586333 -0.6733935 0
-0.05268901 0.8741729 -0.08131661 1

-0.1537989 -0.1616948 -0.9747823 0
0.4207856 -0.9033138 0.08344913 0
0.8940276 0.39734 -0.2069676 0
0.05817892 0.8678937 0.07614078 1

0.5974894 -0.04912526 0.8003706 0
0.00665434 0.998391 0.0563118 0
0.8018492 0.02831978 -0.596855 0
0.007040727 1.159273 0.007978741 1

-0.9219757 0.1589085 -0.3531415 0
-0.1551815 -0.9871143 -0.03904178 0
0.354795 -0.01880545 -0.934755 0
0.01280241 0.5086117 -0.2739009 1

-0.1004832 -0.2302294 -0.9679346 0
-0.2541241 -0.9346509 0.2486939 0
0.9619377 -0.2709651 -0.03540993 0
0.2342126 0.4899967 0.1110513 1

0.6109443 -0.05389192 0.7898372 0
0.1980233 0.9763685 -0.08655306 0
0.7665076 -0.2092852 -0.6071786 0
0.007952419 1.29606 0.01569387 1

-0.9248801 -0.01647346 -0.3799018 0
0.2313623 -0.8172382 -0.5278196 0
0.3017752 0.5760648 -0.7596586 0
-0.0476303 0.1241975 -0.2891051 1

-0.158421 -0.02774724 -0.9869817 0
0.5714282 -0.8177691 -0.06873006 0
0.8052161 0.5748773 -0.1454074 0
0.1352482 0.1260127 0.2079009 1

0.6821914 -0.07553361 0.7272618 0
0.2301814 0.9662621 -0.1155602 0
0.6939968 -0.2462363 -0.676562 0
0.002057808 1.440667 0.03012021 1

0.8685076 -0.3662022 -0.3340522 0
-0.4137998 -0.1646433 -0.895356 0
-0.2728819 -0.915854 0.2945284 0
-0.03848824 1.406772 -0.01862091 1

-0.5653998 0.3556323 0.7442102 0
0.7356178 -0.1906995 0.6500004 0
-0.3730817 -0.9149643 0.1537881 0
0.03658774 1.400151 0.07843775 1

-0.9638764 0.003559448 -0.2663265 0
0.2663427 0.005264953 -0.9638641 0
0.002028698 0.9999797 0.00602274 0
-0.01246323 -2.264977E-05 -0.3693336 1

-0.07749543 -0.0008578524 -0.9969922 0
0.9969608 -0.008078521 -0.07748616 0
0.00798776 0.999967 -0.001481337 0
0.2221053 0.001711786 0.197454 1

0.6821914 -0.07553361 0.7272618 0
0.2301814 0.9662621 -0.1155602 0
0.6939968 -0.2462363 -0.676562 0
0.01848037 1.480321 0.01883385 1

0.90879 0.06848944 -0.4115947 0
-0.08863066 -0.9322398 -0.3508188 0
0.4077322 -0.3553005 0.8411397 0
-0.09007251 1.386248 -0.130236 1

0.09711295 0.2439072 0.9649242 0
0.3765255 -0.9064539 0.1912329 0
-0.9213023 -0.3447473 0.1798658 0
0.1282895 1.376379 0.1594665 1

-0.9638764 0.003559448 -0.2663265 0
0.2663427 0.005264953 -0.9638641 0
0.002028698 0.9999797 0.00602274 0
0.03681016 0.0009512901 -0.5476485 1

-0.07749543 -0.0008578524 -0.9969922 0
0.9969608 -0.008078521 -0.07748616 0
0.00798776 0.999967 -0.001481337 0
0.4065431 0.0002172589 0.183119 1

0.9818871 -0.1114261 0.1532381 0
0.1364673 0.9769704 -0.1640287 0
0.131432 -0.1819696 -0.9744809 0
0.03370697 1.517114 0.008372274 1

-0.4370869 0.1300324 -0.8899701 0
0.8980376 0.00826383 -0.4398416 0
0.04983919 0.9914755 0.1203859 0
-0.1146117 1.128139 -0.2273672 1

-0.05412735 -0.9951726 0.08186682 0
0.1083866 -0.08735798 -0.9902633 0
-0.9926342 0.04472713 -0.112592 0
0.2325381 1.125409 0.2124131 1

0.9818871 -0.1114261 0.1532381 0
0.1364673 0.9769704 -0.1640287 0
0.131432 -0.1819696 -0.9744809 0
0.09862645 1.874885 -0.1480689 1

0.1314341 -0.1819699 -0.9744805 0
-0.9818868 0.1114257 -0.1532401 0
-0.1364673 -0.9769704 0.1640287 0
0.02399702 1.656265 -0.1603941 1

-0.1314153 0.1819699 0.974483 0
0.9818894 -0.1114291 0.1532217 0
-0.1364675 -0.97697 0.1640308 0
0.1239543 1.644922 -0.1447943 1

-0.531509 -0.344154 -0.7739874 0
0.8100179 0.06072511 -0.5832528 0
-0.2477291 0.9369477 -0.246495 0
0.135894 1.130444 -0.3500601 1

-0.171567 -0.9347777 -0.3110559 0
-0.04955578 0.3235266 -0.9449208 0
-0.9839256 0.1467026 0.1018301 0
0.2627724 1.101041 -0.0638188 1

-0.7900075 -0.3286001 -0.5176005 0
0.3802445 0.3996518 -0.8340821 0
-0.4809393 0.8557459 0.1907794 0
0.1395788 1.13729 -0.3857388 1

-0.5790108 -0.1862868 -0.7937531 0
0.6905112 0.4056124 -0.5988935 0
-0.4335219 0.894861 0.1062208 0
0.2087034 1.131738 -0.4290869 1

-0.5880091 -0.176276 -0.7894125 0
0.6886688 0.4027844 -0.6029099 0
-0.4242415 0.8981603 0.115445 0
0.2211186 1.137356 -0.4108478 1

-0.5339144 -0.321991 -0.7818295 0
0.6985025 0.3530951 -0.6224296 0
-0.4764768 0.8784339 -0.03638883 0
0.2312777 1.145604 -0.3915928 1

-0.4628868 -0.4703236 -0.7513535 0
0.7840889 0.1781081 -0.5945441 0
-0.4134501 0.8643343 -0.2863316 0
0.2386491 1.15413 -0.3732584 1

0.1079139 -0.6998053 -0.7061355 0
-0.444793 0.6012426 -0.6638277 0
-0.8891087 -0.3857202 0.2463863 0
0.2515 1.132752 -0.07799147 1

-0.1587867 -0.9650808 -0.2083415 0
-0.1589671 0.2332562 -0.9593338 0
-0.9744313 0.11921 0.190454 0
0.2587227 1.156035 -0.1560545 1

-0.09195804 -0.9900243 -0.1067514 0
-0.09484169 0.1154264 -0.9887782 0
-0.9912362 0.08080157 0.1045099 0
0.2571215 1.134446 -0.1631081 1

-0.352403 -0.9336914 -0.06350505 0
-0.2812065 0.1703696 -0.9444034 0
-0.8926004 0.3149524 0.3225988 0
0.2528127 1.112074 -0.1678953 1

-0.4462509 -0.8911619 -0.08179942 0
-0.1882127 0.1828215 -0.9649627 0
-0.8748923 0.4152195 0.2493121 0
0.2477972 1.091283 -0.1703004 1

-0.09227195 0.07056426 -0.9932307 0
0.152895 0.9866608 0.05589321 0
-0.9839256 0.1467026 0.1018301 0
0.230393 1.161336 -0.1885789 1

-0.6763231 -0.218995 -0.7032984 0
0.5453792 0.4929049 -0.677943 0
-0.4951254 0.8420727 0.2139276 0
0.1567429 1.15533 -0.4233888 1

-0.5501167 -0.1553685 -0.8205075 0
0.4279846 0.7912393 -0.4367724 0
-0.7170784 0.59144 0.3687786 0
0.2470217 1.154246 -0.4623211 1

-0.5493253 -0.1192146 -0.8270609 0
0.2182326 0.934952 -0.279714 0
-0.8066081 0.3341454 0.4875761 0
0.2610985 1.160739 -0.4458491 1

-0.4957644 -0.2308823 -0.8372045 0
-0.1434152 0.9725436 -0.18328 0
-0.8565339 -0.02920438 0.5152643 0
0.2691291 1.164738 -0.4253219 1

-0.4131542 -0.4198537 -0.8081006 0
0.2022926 0.8228939 -0.530965 0
-0.8879086 0.3828431 0.2550487 0
0.2675387 1.160693 -0.3951643 1

0.2455357 -0.8843815 -0.3969663 0
-0.3903525 0.2846322 -0.8755627 0
-0.8873204 -0.3699386 0.2753331 0
0.2314217 1.159892 -0.1079572 1

-0.1546007 -0.9689217 -0.1931055 0
-0.3532199 0.2367437 -0.9050906 0
-0.9226781 0.07171887 0.3788429 0
0.2499011 1.168979 -0.2092908 1

0.01297178 -0.9991484 -0.03917379 0
-0.9480605 -0.02474213 0.3171273 0
0.3178264 -0.0330255 0.9475739 0
0.2516156 1.141147 -0.2205104 1

-0.2297846 -0.9727597 -0.03062926 0
-0.7221895 0.1493292 0.6753843 0
0.6524124 -0.1773131 0.7368303 0
0.2375742 1.121306 -0.219072 1

-0.3491951 -0.9367664 -0.02306473 0
-0.8931639 0.3252952 0.3105507 0
0.2834107 -0.1290435 0.9502773 0
0.2408625 1.098019 -0.2058542 1

-0.7944558 -0.4690951 -0.3857333 0
0.3925837 0.08793534 -0.9155031 0
-0.4633774 0.8787591 -0.1142983 0
0.1849863 1.180856 -0.4584973 1

-0.5374591 -0.1093523 -0.8361699 0
0.05979893 0.9841186 -0.1671372 0
-0.8411672 0.1398314 0.5223843 0
0.2615352 1.181078 -0.4771326 1

-0.5551517 -0.04417807 -0.8305753 0
-0.3615845 0.9121095 0.1931662 0
-0.7490419 -0.4075598 0.5223331 0
0.2691339 1.195164 -0.4561481 1

-0.5883574 -0.06762576 -0.8057682 0
-0.4870858 0.8250533 0.286417 0
-0.6454327 -0.5609941 0.5183657 0
0.2637827 1.200994 -0.4321544 1

-0.4157394 -0.3677425 -0.8318213 0
-0.2734698 0.9228285 -0.2712977 0
-0.8673959 -0.114689 0.4842224 0
0.2732336 1.183859 -0.4101119 1

0.2982138 -0.9522665 0.06525128 0
-0.0238196 -0.07576492 -0.9968414 0
-0.9542021 -0.2957175 0.04527676 0
0.2112074 1.174632 -0.153298 1

-0.1262428 -0.9794076 -0.1575558 0
-0.8105206 0.1934108 -0.5528553 0
-0.5719436 -0.05790833 0.8182466 0
0.237923 1.177007 -0.2399834 1

0.06746578 -0.9911568 -0.1142676 0
-0.003021866 -0.1147312 0.9933924 0
0.9977173 0.06667466 0.01073566 0
0.2167082 1.140236 -0.2088338 1

-0.2140745 -0.9681578 -0.1297802 0
0.4806817 -0.2200709 0.8488313 0
0.8503633 -0.1193301 -0.5124872 0
0.2106512 1.126873 -0.193894 1

-0.2934578 -0.9496029 -0.1101687 0
0.05400059 -0.1315251 0.9898415 0
0.954446 -0.2845275 -0.08987606 0
0.2157184 1.107177 -0.1971117 1

-0.7944558 -0.4690951 -0.3857333 0
0.3925837 0.08793534 -0.9155031 0
-0.4633774 0.8787591 -0.1142983 0
0.1972877 1.183611 -0.4871841 1

-0.5374591 -0.1093523 -0.8361699 0
0.05979893 0.9841186 -0.1671372 0
-0.8411672 0.1398314 0.5223843 0
0.2630842 1.206569 -0.4814619 1

-0.5551517 -0.04417807 -0.8305753 0
-0.3615845 0.9121095 0.1931662 0
-0.7490419 -0.4075598 0.5223331 0
0.2619201 1.213361 -0.4522944 1

-0.5883574 -0.06762576 -0.8057682 0
-0.4870858 0.8250533 0.286417 0
-0.6454327 -0.5609941 0.5183657 0
0.2555975 1.214859 -0.4273413 1

-0.4157394 -0.3677425 -0.8318213 0
-0.2734698 0.9228285 -0.2712977 0
-0.8673959 -0.114689 0.4842224 0
0.2673451 1.20373 -0.4159537 1

0.2982138 -0.9522665 0.06525128 0
-0.0238196 -0.07576492 -0.9968414 0
-0.9542021 -0.2957175 0.04527676 0
0.210461 1.172258 -0.1845376 1

-0.1262428 -0.9794076 -0.1575558 0
-0.8105206 0.1934108 -0.5528553 0
-0.5719436 -0.05790833 0.8182466 0
0.2169286 1.182017 -0.2543036 1

0.06746578 -0.9911568 -0.1142676 0
-0.003021866 -0.1147312 0.9933924 0
0.9977173 0.06667466 0.01073566 0
0.2166479 1.137947 -0.1890148 1

-0.2140745 -0.9681578 -0.1297802 0
0.4806817 -0.2200709 0.8488313 0
0.8503633 -0.1193301 -0.5124872 0
0.2187289 1.123175 -0.1796298 1

-0.2934578 -0.9496029 -0.1101687 0
0.05400059 -0.1315251 0.9898415 0
0.954446 -0.2845275 -0.08987606 0
0.2168812 1.104345 -0.1757978 1

0.5754258 -0.03259663 0.8172042 0
-0.07144283 0.9933824 0.08992976 0
0.8147276 0.1101313 -0.5692891 0
0.0004050553 0.9034867 0.0003574232 1

0.5822179 -0.04290143 0.8119001 0
0.00196503 0.9986781 0.05136181 0
0.8130304 0.02830837 -0.5815327 0
0.006662747 0.9968763 -0.0003239635 1

-0.7996087 0.1614934 -0.5783998 0
0.1566506 -0.873722 -0.4605113 0
0.5797299 0.4588354 -0.6733375 0
-0.05269172 0.8741109 -0.08131387 1

-0.1537417 -0.1616883 -0.9747927 0
0.4209405 -0.9032434 0.08343086 0
0.8939646 0.3975028 -0.2069272 0
0.05817886 0.867831 0.0761416 1

0.5974974 -0.04906609 0.8003683 0
0.006375868 0.9983853 0.05644565 0
0.8018455 0.02862308 -0.5968455 0
0.006982157 1.15921 0.008024836 1

-0.9219655 0.1589419 -0.3531535 0
-0.1552806 -0.9871053 -0.0388753 0
0.3547783 -0.01899627 -0.9347575 0
0.01284235 0.5085934 -0.2739666 1

-0.1004975 -0.2302345 -0.9679322 0
-0.2542892 -0.9346021 0.2487086 0
0.9618926 -0.2711293 -0.0353789 0
0.2342773 0.4899634 0.1110445 1

0.6108295 -0.05393804 0.789923 0
0.1975149 0.9765154 -0.08605471 0
0.7667302 -0.2085863 -0.607138 0
0.007855697 1.295996 0.0157583 1

-0.9248801 -0.01647353 -0.3799023 0
0.2313625 -0.8172382 -0.5278194 0
0.3017755 0.5760648 -0.7596586 0
-0.04762891 0.1241827 -0.2891059 1

-0.158421 -0.02775078 -0.9869817 0
0.5714284 -0.8177693 -0.06872727 0
0.8052158 0.5748773 -0.1454093 0
0.1352487 0.1259983 0.2078998 1

0.6820746 -0.07565783 0.7273584 0
0.2298644 0.9664006 -0.1150311 0
0.6942166 -0.2456536 -0.6765485 0
0.001880843 1.440594 0.03025204 1

0.8690064 -0.3652398 -0.333808 0
-0.412909 -0.1635652 -0.8959647 0
-0.2726427 -0.9164312 0.29295 0
-0.03863812 1.4067 -0.01851252 1

-0.5665399 0.3547529 0.7437627 0
0.7355194 -0.1892595 0.6505322 0
-0.3715422 -0.9156042 0.1537046 0
0.03642373 1.400074 0.07855666 1

-0.9638762 0.003559407 -0.2663271 0
0.266343 0.005264929 -0.9638641 0
0.002028535 0.9999799 0.006022727 0
-0.01246181 -3.755093E-05 -0.3693344 1

-0.07749552 -0.0008613709 -0.9969925 0
0.9969609 -0.008078486 -0.07748601 0
0.007987533 0.9999673 -0.001484811 0
0.2221058 0.001697421 0.1974533 1

0.6820746 -0.07565783 0.7273584 0
0.2298644 0.9664006 -0.1150311 0
0.6942166 -0.2456536 -0.6765485 0
0.01829168 1.480259 0.01898875 1

0.9090297 0.06853478 -0.4110574 0
-0.08873061 -0.9319348 -0.3516025 0
0.4071756 -0.3560902 0.8410754 0
-0.09011136 1.38631 -0.1302035 1

0.09859738 0.2433603 0.9649117 0
0.3781604 -0.9060585 0.1898755 0
-0.9204745 -0.34617 0.1813641 0
0.1281133 1.376481 0.1596517 1

-0.9638762 0.003559407 -0.2663271 0
0.266343 0.005264929 -0.9638641 0
