MeshAnim
1
30
69
60
0.9525249 0.1275949 -0.2764343 0
-0.01271788 0.9238294 0.382593 0
-0.304195 0.3609138 -0.8815933 0
0.0009139147 0.8593274 0.002572177 1

0.9826396 -0.06096438 -0.175222 0
0.03747855 0.9902254 -0.134347 0
-0.1816996 -0.1254475 -0.9753195 0
-0.005057208 0.9502549 0.02396758 1

-0.810192 0.1062753 0.57645 0
-0.4336103 -0.7704021 -0.4674002 0
-0.3944251 0.6286384 -0.6702556 0
-0.09043396 0.8167958 0.01667997 1

-0.9839159 0.1494471 0.09785257 0
-0.1758605 -0.9065152 -0.383801 0
-0.03134692 0.3948364 -0.9182165 0
0.09309448 0.8413808 -0.036582 1

0.9986656 -0.03231061 -0.04028997 0
0.02207536 0.9723271 -0.2325786 0
-0.04668973 -0.2313788 -0.9717427 0
0.001034884 1.111215 0.002129655 1

-0.773747 0.04955459 0.6315538 0
0.5857918 -0.3235659 0.7430702 0
-0.2411719 -0.9449072 -0.2213295 0
-0.2718328 0.4945017 -0.1788547 1

-0.9553254 -0.05853287 0.2897017 0
0.1985973 -0.8530613 0.482541 0
-0.2188888 -0.5185176 -0.8265756 0
0.01952408 0.4621445 -0.1971433 1

0.9962263 0.03504946 0.0794031 0
0.007595897 0.8761208 -0.4820318 0
0.08646168 -0.4808159 -0.8725483 0
0.004059364 1.244431 -0.0297353 1

-0.7928425 0.07829285 0.6043766 0
-0.04668932 -0.9966024 0.06785441 0
-0.6076356 -0.02558 -0.7938042 0
-0.04370656 0.3684946 0.1105209 1

-0.9452479 0.004367754 0.3263239 0
-0.1747474 -0.851262 -0.4947891 0
-0.275626 0.5247226 -0.8054171 0
0.09686444 0.1299343 -0.009225888 1

0.9929194 -0.02927341 0.1151263 0
0.05650771 0.9688792 -0.240998 0
0.1044886 -0.245797 -0.9636731 0
0.001348775 1.38695 -0.05863661 1

0.2658575 -0.298714 -0.9165643 0
-0.9632786 -0.1194061 -0.2404924 0
0.03760493 -0.9468433 0.3194898 0
-0.05965694 1.349766 -0.05062078 1

-0.3314038 0.5919666 0.7346751 0
0.93262 0.08767945 0.3500465 0
-0.1427998 -0.8011791 0.5811372 0
0.06276391 1.354075 -0.04086419 1

-0.746366 0.1963624 0.6359085 0
-0.6031963 -0.6033399 -0.5216663 0
-0.2812333 0.7729317 -0.5687574 0
-0.05080334 0.2170111 0.1208347 1

-0.9802834 -0.008109391 0.1974296 0
-0.1974423 0.0007828847 -0.9803143 0
-0.00779514 0.9999669 0.002368562 0
0.07030284 0.0005424023 -0.08443379 1

0.9929194 -0.02927341 0.1151263 0
0.05650771 0.9688792 -0.240998 0
0.1044886 -0.245797 -0.9636731 0
0.004769739 1.426721 -0.07802822 1

0.8299946 0.4919991 -0.2627661 0
0.04304484 -0.5261948 -0.849274 0
0.5561081 -0.6935821 0.4579169 0
-0.1797393 1.334881 -0.08060052 1

0.5894471 0.2911302 0.7535222 0
0.5515035 -0.8266134 -0.1120471 0
-0.5902512 -0.4816158 0.6478042 0
0.1790239 1.365005 0.002772463 1

-0.746366 0.1963624 0.6359085 0
-0.6031963 -0.6033399 -0.5216663 0
-0.2812333 0.7729317 -0.5687574 0
-0.1623947 0.1053932 0.02432645 1

-0.9802834 -0.008109391 0.1974296 0
-0.1974423 0.0007828847 -0.9803143 0
-0.00779514 0.9999669 0.002368562 0
0.03377601 0.0006873012 -0.265792 1

0.9921762 -0.1095388 0.05989954 0
0.1215655 0.9569162 -0.2636916 0
0.02843441 -0.2689102 -0.9627454 0
0.007942121 1.463624 -0.0960056 1

-0.6529436 0.5597596 -0.5102293 0
0.6750864 0.1246826 -0.7271264 0
0.3433992 0.8192213 0.4592968 0
-0.1678214 1.189194 -0.315739 1

0.178812 -0.9154983 -0.3604026 0
-0.6655574 0.1572255 -0.7295987 0
-0.7246103 -0.3703293 0.5812026 0
0.3317187 1.13614 -0.02825003 1

0.9921762 -0.1095388 0.05989954 0
0.1215655 0.9569162 -0.2636916 0
0.02843441 -0.2689102 -0.9627454 0
0.05726237 1.805356 -0.2895886 1

0.02843656 -0.2689105 -0.9627454 0
-0.9921761 0.1095382 -0.0599016 0
-0.1215655 -0.9569162 0.2636916 0
-0.01890961 1.587438 -0.2745788 1

-0.02841763 0.2689105 0.9627459 0
0.9921765 -0.1095432 0.05988348 0
-0.1215656 -0.9569156 0.2636937 0
0.08209507 1.576287 -0.268481 1

-0.5681908 -0.2864226 -0.7714411 0
0.8086507 -0.02066138 -0.5879259 0
-0.1524562 0.9578807 -0.2433557 0
0.02049249 1.223974 -0.5185694 1

-0.2685949 -0.912323 -0.3090697 0
-0.01986286 0.3260376 -0.9451484 0
-0.9630486 0.247723 0.1056933 0
0.1460629 1.179998 -0.2317702 1

-0.8222963 -0.245245 -0.5135015 0
0.4141912 0.3608479 -0.8356045 0
-0.3902235 0.8998022 0.1951455 0
0.02465161 1.230494 -0.5542571 1

-0.3292057 -0.2244415 -0.9171966 0
0.9261212 0.1127182 -0.3599918 0
-0.1841817 0.9679468 -0.1707527 0
0.09260327 1.218037 -0.5980232 1

-0.452727 -0.2975982 -0.8405199 0
0.7631822 0.3581204 -0.5378686 0
-0.4610759 0.8849775 -0.06499084 0
0.1056297 1.222318 -0.5798477 1

-0.4540049 -0.433206 -0.7785965 0
0.6914697 0.3797919 -0.6145145 0
-0.5619155 0.8173684 -0.1271214 0
0.1166856 1.229444 -0.5606387 1

-0.5245411 -0.5204562 -0.6737821 0
0.618618 0.3107465 -0.721629 0
-0.5849514 0.7953377 -0.1589644 0
0.1249912 1.237132 -0.5423331 1

-0.1950953 -0.6520516 -0.7326438 0
-0.2225721 0.7569434 -0.6144095 0
-0.9551961 -0.04319749 0.2928044 0
0.1380687 1.212691 -0.2459393 1

-0.2662673 -0.9275188 -0.2623189 0
-0.07675496 0.2916816 -0.9534313 0
-0.9608387 0.2337333 0.1488568 0
0.1473275 1.23503 -0.3240632 1

-0.4153863 -0.9079934 -0.05479528 0
-0.6257238 0.3289382 -0.7072976 0
-0.6602456 0.2595151 0.7047895 0
0.1434735 1.213717 -0.3310806 1

-0.5881467 -0.7765582 0.2259233 0
-0.7383138 0.401522 -0.5419165 0
-0.3301163 0.4855286 0.8094972 0
0.1368548 1.191905 -0.3358195 1

-0.755506 -0.6096674 0.2398258 0
-0.6380193 0.6015447 -0.4807037 0
-0.1488033 0.516188 0.8434502 0
0.1297069 1.171742 -0.3381755 1

-0.01986286 0.3260377 -0.9451485 0
0.2685948 0.9123231 0.3090698 0
-0.9630486 0.247723 0.1056933 0
0.1195597 1.243201 -0.3564775 1

-0.6991054 -0.1473409 -0.6996731 0
0.5888499 0.4364358 -0.6802793 0
-0.4055954 0.887589 0.2183529 0
0.04334798 1.246782 -0.5919757 1

-0.2889489 -0.2105622 -0.9339017 0
0.7670987 0.532719 -0.3574497 0
-0.5727723 0.8196796 -0.00759352 0
0.1439963 1.224292 -0.6180002 1

-0.3455507 -0.3432092 -0.8733857 0
0.5241988 0.7013683 -0.4830094 0
-0.7783381 0.624732 0.06244831 0
0.1499355 1.243109 -0.6110732 1

-0.3102645 -0.4890871 -0.8151869 0
0.4283311 0.69361 -0.5791699 0
-0.8486863 0.5288658 0.005711332 0
0.1541559 1.250025 -0.5939389 1

-0.3483283 -0.595515 -0.7238988 0
0.3727085 0.6206056 -0.6898823 0
-0.8600905 0.5101085 -0.005778968 0
0.147784 1.248582 -0.5689213 1

-0.3162092 -0.8508046 -0.419695 0
-0.2575029 0.5027588 -0.8251825 0
-0.9130741 0.1528579 0.3780616 0
0.1280216 1.246861 -0.2736744 1

-0.2662673 -0.9275188 -0.2623184 0
-0.07675536 0.2916813 -0.9534314 0
-0.9608387 0.2337333 0.148857 0
0.1430681 1.251217 -0.376972 1

-0.386746 -0.9067645 0.1679468 0
-0.9155835 0.3993102 0.04752822 0
0.1101597 0.135388 0.9846499 0
0.1071478 1.232813 -0.372142 1

-0.4816759 -0.7353473 0.4767109 0
-0.7756852 0.6108812 0.1585466 0
0.4078004 0.2934093 0.8646446 0
0.09684592 1.213663 -0.3651858 1

-0.7210788 -0.5896986 0.3637322 0
-0.6835967 0.6910504 -0.2348312 0
0.1128777 0.4179778 0.9014176 0
0.1061992 1.193906 -0.3558869 1

-0.8402731 -0.38487 -0.3818588 0
0.3942649 0.04968784 -0.9176528 0
-0.3721506 0.9216325 -0.1099895 0
0.07384257 1.269384 -0.6272053 1

-0.2593014 -0.1791788 -0.9490301 0
0.4531417 0.8451954 -0.2833858 0
-0.8528923 0.5035272 0.137967 0
0.1700096 1.242357 -0.6301217 1

-0.2273942 -0.3359836 -0.9140061 0
0.1584939 0.9133099 -0.3751592 0
-0.9608182 0.2301732 0.1544301 0
0.1692365 1.268933 -0.6288577 1

-0.1549017 -0.4759187 -0.8657407 0
0.05289385 0.8710658 -0.4883102 0
-0.9865129 0.1214325 0.1097565 0
0.1701237 1.275882 -0.6155297 1

-0.1572946 -0.5853171 -0.7954008 0
0.01787034 0.8036081 -0.5948906 0
-0.9873901 0.1077871 0.1159436 0
0.1582764 1.266053 -0.5883428 1

0.09087779 -0.9459998 0.311169 0
-0.08790392 -0.3188624 -0.9437162 0
-0.991975 -0.05840962 0.1121345 0
0.1146869 1.272896 -0.3164062 1

-0.2452264 -0.9456071 -0.2137559 0
-0.6922021 0.3251566 -0.6443062 0
-0.6787644 0.01003882 0.734288 0
0.1404653 1.261108 -0.4093038 1

-0.1452837 -0.9446061 0.2943003 0
-0.3641137 0.3276274 0.8718272 0
0.9199537 -0.01950375 0.3915427 0
0.07343617 1.247515 -0.370392 1

-0.2799526 -0.7615345 0.5845444 0
-0.4076448 0.6455698 0.6458066 0
0.8691679 0.05749101 0.4911646 0
0.06792857 1.236437 -0.3592753 1

-0.3767307 -0.6595158 0.6504716 0
-0.2815908 0.7505133 0.5978606 0
0.8824859 -0.04206574 0.468455 0
0.08695477 1.21336 -0.3624979 1

-0.8402731 -0.38487 -0.3818588 0
0.3942649 0.04968784 -0.9176528 0
-0.3721506 0.9216325 -0.1099895 0
0.08619665 1.270941 -0.6559595 1

-0.2593014 -0.1791788 -0.9490301 0
0.4531417 0.8451954 -0.2833858 0
-0.8528923 0.5035272 0.137967 0
0.1817472 1.26425 -0.6374621 1

-0.2273942 -0.3359836 -0.9140061 0
0.1584939 0.9133099 -0.3751592 0
-0.9608182 0.2301732 0.1544301 0
0.1723986 1.287154 -0.6363423 1

-0.1549017 -0.4759187 -0.8657407 0
0.05289385 0.8710658 -0.4883102 0
-0.9865129 0.1214325 0.1097565 0
0.1710126 1.29052 -0.6237356 1

-0.1572946 -0.5853171 -0.7954008 0
0.01787034 0.8036081 -0.5948906 0
-0.9873901 0.1077871 0.1159436 0
0.1586611 1.283357 -0.6011524 1

0.09087779 -0.9459998 0.311169 0
-0.08790392 -0.3188624 -0.9437162 0
-0.991975 -0.05840962 0.1121345 0
0.1119321 1.262903 -0.3459809 1

-0.2452264 -0.9456071 -0.2137559 0
-0.6922021 0.3251566 -0.6443062 0
-0.6787644 0.01003882 0.734288 0
0.1225356 1.26953 -0.4259929 1

-0.1452837 -0.9446061 0.2943003 0
-0.3641137 0.3276274 0.8718272 0
0.9199537 -0.01950375 0.3915427 0
0.0661718 1.254052 -0.3529983 1

-0.2799526 -0.7615345 0.5845444 0
-0.4076448 0.6455698 0.6458066 0
0.8691679 0.05749101 0.4911646 0
0.06107828 1.247285 -0.3484228 1

-0.3767307 -0.6595158 0.6504716 0
-0.2815908 0.7505133 0.5978606 0
0.8824859 -0.04206574 0.468455 0
0.08089139 1.229521 -0.3496244 1

0.9617488 0.1242097 -0.2441538 0
-0.01995512 0.9206907 0.3897825 0
-0.2732049 0.3700007 -0.8879519 0
0.009906309 0.8646322 0.01054414 1

0.9890046 -0.05504978 -0.1372572 0
0.03412791 0.9880411 -0.1503657 0
-0.1438934 -0.1440281 -0.9790559 0
0.003756209 0.9554135 0.03250258 1

-0.8147283 0.1222687 0.5668052 0
-0.4871794 -0.674439 -0.5547868 0
-0.3144425 0.7281363 -0.6090512 0
-0.08209329 0.8225294 0.02130677 1

-0.9960518 0.08121479 0.03584848 0
-0.08839492 -0.9446452 -0.3159622 0
-0.008203238 0.3178835 -0.9480943 0
0.1032124 0.8464622 -0.02573553 1

0.9990453 -0.03011709 -0.03164794 0
0.02155906 0.9699258 -0.2424442 0
-0.03799784 -0.2415303 -0.9696491 0
0.009303655 1.116018 0.008060819 1

-0.777558 0.07307592 0.6245505 0
0.5320177 -0.4530086 0.7153603 0
-0.3352023 -0.8885062 -0.3133628 0
-0.2859025 0.540381 -0.2107857 1

-0.9596567 -0.08251269 0.2687955 0
0.2167157 -0.8261428 0.5201178 0
-0.1791472 -0.5573868 -0.8106951 0
0.06623279 0.4512744 -0.1579168 1

0.9979651 0.02699316 0.05776775 0
0.004694045 0.8724139 -0.4887453 0
0.06359015 -0.4880219 -0.8705119 0
0.01225741 1.248905 -0.0251558 1

-0.780597 0.07228938 0.6208403 0
-0.0917842 -0.9957789 0.0005440041 0
-0.6182588 0.05655862 -0.7839369 0
-0.07871768 0.3639648 0.06779866 1

-0.9465757 0.005844377 0.3224291 0
-0.1761823 -0.8468037 -0.5018802 0
-0.270101 0.5318738 -0.8025931 0
0.150629 0.129547 0.04463423 1

0.9964198 -0.02389725 0.08109432 0
0.04070447 0.9763272 -0.2124344 0
0.07409801 -0.2149747 -0.9738046 0
0.01013999 1.391223 -0.0550774 1

0.2386049 -0.3123001 -0.9195306 0
-0.9702563 -0.1165163 -0.2121952 0
0.04087178 -0.9428111 0.3308126 0
-0.05099377 1.354631 -0.04547309 1

-0.3087938 0.5965143 0.7408219 0
0.9414696 0.08097398 0.3272283 0
-0.135209 -0.7985074 0.5866042 0
0.07164073 1.35795 -0.03837514 1

-0.7277749 0.1852675 0.6603178 0
-0.6403233 -0.5283896 -0.5574859 0
-0.2456211 0.8285412 -0.5031797 0
-0.09266887 0.2126063 0.06788129 1

-0.9809191 -0.02180558 0.1931903 0
-0.1933652 0.006200336 -0.9811073 0
-0.0201957 0.9997432 0.01029863 0
0.1238493 0.0008329749 -0.03165151 1

0.9964198 -0.02389725 0.08109432 0
0.04070447 0.9763272 -0.2124344 0
0.07409801 -0.2149747 -0.9738046 0
0.01259338 1.431604 -0.07332329 1

0.821888 0.510574 -0.2526155 0
0.05782279 -0.5159423 -0.8546696 0
0.5667071 -0.6878356 0.4535696 0
-0.1719459 1.340106 -0.07192533 1

0.5975277 0.3018304 0.7428722 0
0.5587559 -0.8212115 -0.1157743 0
-0.5751109 -0.4842624 0.6593462 0
0.1890039 1.368044 0.002416997 1

-0.7277749 0.1852675 0.6603178 0
-0.6403233 -0.5283896 -0.5574859 0
-0.2456211 0.8285412 -0.5031797 0
-0.2111286 0.1148543 -0.03525357 1

-0.9809191 -0.02180558 0.1931903 0
-0.1933652 0.006200336 -0.9811073 0
-0.0201957 0.9997432 0.01029863 0
0.08807676 0.001979947 -0.2131564 1

0.9913614 -0.1156101 0.06194308 0
0.1275171 0.9600908 -0.2489274 0
0.03069247 -0.2546759 -0.9665393 0
0.01486854 1.469071 -0.09023751 1

-0.6691821 0.5416217 -0.5087647 0
0.6596785 0.1178152 -0.742256 0
0.3420819 0.8323253 0.4361359 0
-0.1559365 1.197258 -0.3085577 1

0.1681749 -0.9157293 -0.3649072 0
-0.6830939 0.158629 -0.7128953 0
-0.7107038 -0.3691569 0.5988517 0
0.3437067 1.140675 -0.02963746 1

0.9913614 -0.1156101 0.06194308 0
0.1275171 0.9600908 -0.2489274 0
0.03069247 -0.2546759 -0.9665393 0
0.06669112 1.813388 -0.2785142 1

0.0306946 -0.2546761 -0.9665391 0
-0.9913613 0.1156096 -0.06194519 0
-0.1275171 -0.9600908 0.2489274 0
-0.01066446 1.595672 -0.2670414 1

-0.03067563 0.2546759 0.9665399 0
0.9913618 -0.1156143 0.06192695 0
-0.1275172 -0.9600903 0.2489295 0
0.09025726 1.583902 -0.2607356 1

-0.5666216 -0.2857061 -0.7728598 0
0.8094741 -0.01779594 -0.5868862 0
-0.1539232 0.9581523 -0.2413553 0
0.02807942 1.230122 -0.5156084 1

-0.2682463 -0.9119664 -0.3104213 0
-0.01978742 0.3273788 -0.944686 0
-0.9631472 0.2472659 0.1058638 0
0.153159 1.184925 -0.2284981 1

-0.8211486 -0.2455976 -0.5151675 0
0.4146324 0.3635451 -0.8342153 0
-0.3921678 0.8986197 0.1966915 0
0.03227407 1.236732 -0.5512756 1

-0.3275581 -0.2229429 -0.9181517 0
0.9263896 0.1152775 -0.3584883 0
-0.1857646 0.9679917 -0.1687719 0
0.1003074 1.224503 -0.5949788 1

-0.4510447 -0.2965068 -0.8418092 0
0.7632294 0.360784 -0.5360186 0
-0.4626445 0.884262 -0.063573 0
0.1133015 1.228767 -0.5767761 1

-0.4521517 -0.4322588 -0.7801996 0
0.691579 0.3824977 -0.6127105 0
-0.5632742 0.8166077 -0.1259943 0
0.1243182 1.235869 -0.5575359 1

-0.5226645 -0.519882 -0.6756809 0
0.6190003 0.3135633 -0.7200811 0
-0.586226 0.7946075 -0.1579186 0
0.132585 1.243531 -0.5392016 1

-0.1947494 -0.6510679 -0.73361 0
-0.2226962 0.7577481 -0.6133713 0
-0.9552379 -0.04391856 0.2925613 0
0.1451571 1.217636 -0.2426222 1

-0.2659228 -0.9272281 -0.2636918 0
-0.07666697 0.2930167 -0.9530286 0
-0.960941 0.2332155 0.1490077 0
0.1544236 1.240089 -0.3207123 1

-0.4150873 -0.9080459 -0.05616894 0
-0.6256944 0.3297478 -0.7069463 0
-0.6604614 0.2582997 0.7050335 0
0.1505777 1.218784 -0.327761 1

-0.5879426 -0.7770661 0.2247038 0
-0.7383385 0.4020599 -0.5414833 0
-0.3304238 0.4842686 0.810126 0
0.1439668 1.196977 -0.3325321 1

-0.7553576 -0.6102488 0.2388127 0
-0.6381193 0.6020271 -0.479966 0
-0.1491271 0.5149372 0.8441572 0
0.1368258 1.176815 -0.3349183 1

-0.01978739 0.327379 -0.9446859 0
0.2682464 0.9119664 0.3104216 0
-0.9631472 0.2472659 0.1058638 0
0.1266594 1.248297 -0.3531202 1

-0.6978921 -0.1470349 -0.7009476 0
0.5889415 0.4391013 -0.6784824 0
-0.4075476 0.8863243 0.2198503 0
0.05099036 1.253142 -0.5889314 1

-0.2873049 -0.20895 -0.9347705 0
0.766578 0.5349735 -0.3551932 0
-0.574295 0.8186232 -0.006476037 0
0.1517154 1.2309 -0.6148723 1

-0.3437393 -0.3418417 -0.8746358 0
0.523531 0.7034574 -0.4806904 0
-0.7795889 0.623131 0.06284116 0
0.1576101 1.249712 -0.6078942 1

-0.308258 -0.4877869 -0.8167257 0
0.4278064 0.6957417 -0.5769971 0
-0.8496817 0.5272645 0.005789399 0
0.1617945 1.256596 -0.5907382 1

-0.3462447 -0.5944957 -0.7257339 0
0.3724689 0.6228884 -0.6879515 0
-0.8610355 0.5085127 -0.005759478 0
0.1553919 1.255084 -0.5657327 1

-0.3158593 -0.8503054 -0.420968 0
-0.2575063 0.5038535 -0.8245134 0
-0.9131941 0.1520284 0.3781058 0
0.1351044 1.251841 -0.2703104 1

-0.2659228 -0.9272282 -0.2636914 0
-0.07666741 0.2930164 -0.9530287 0
-0.9609408 0.2332154 0.149008 0
0.1501692 1.256349 -0.3735988 1

-0.3864895 -0.9071257 0.1665799 0
-0.9157192 0.3989512 0.04792391 0
0.1099302 0.1340184 0.9848629 0
0.1142538 1.237927 -0.3688019 1

-0.4815324 -0.7361793 0.4755702 0
-0.7759093 0.6104079 0.1592704 0
0.4075435 0.2923054 0.8651394 0
0.1039566 1.218764 -0.3618749 1

-0.7209604 -0.5904457 0.3627538 0
-0.6837716 0.6911674 -0.2339749 0
0.1125742 0.4167275 0.9020342 0
0.1133144 1.198997 -0.3526026 1

-0.83904 -0.3855589 -0.3838705 0
0.3953984 0.0525381 -0.917006 0
-0.3737277 0.9211864 -0.1083678 0
0.08148967 1.275882 -0.6240678 1

-0.2576961 -0.1774764 -0.9497867 0
0.4519378 0.8466913 -0.2808319 0
-0.8540174 0.5016136 0.1379807 0
0.177711 1.249041 -0.6269174 1

-0.2255422 -0.3343015 -0.915081 0
0.1572858 0.9144667 -0.3728436 0
-0.9614534 0.2280211 0.1536699 0
0.1768865 1.275613 -0.6255933 1

-0.1528526 -0.4742119 -0.8670405 0
0.0519166 0.8722857 -0.4862331 0
-0.9868846 0.1193358 0.1087116 0
0.1777428 1.282533 -0.6122484 1

-0.1551349 -0.5837762 -0.7969558 0
0.01716179 0.8050084 -0.5930154 0
-0.9877445 0.1056745 0.1148662 0
0.1658776 1.272619 -0.5850998 1

0.09111945 -0.9464135 0.3098366 0
-0.08762383 -0.3175439 -0.9441865 0
-0.9919775 -0.05888475 0.1118629 0
0.1217696 1.277933 -0.3130075 1

-0.2448854 -0.9453791 -0.2151508 0
-0.6921831 0.3258552 -0.6439728 0
-0.6789065 0.00877586 0.7341725 0
0.1475693 1.266285 -0.405917 1

-0.1450393 -0.9450706 0.2929251 0
-0.3643827 0.326268 0.8722242 0
0.9198853 -0.01976985 0.3916889 0
0.08053716 1.252616 -0.3670374 1

-0.2798213 -0.7624562 0.5834045 0
-0.407972 0.6445185 0.6466489 0
0.8690563 0.05706661 0.4914106 0
0.07503097 1.24152 -0.3559373 1

-0.3766443 -0.6605622 0.6494588 0
-0.2819423 0.74957 0.5988767 0
0.8824103 -0.04245354 0.4685619 0
0.09406513 1.218454 -0.3591894 1

-0.83904 -0.3855589 -0.3838705 0
0.3953984 0.0525381 -0.917006 0
-0.3737277 0.9211864 -0.1083678 0
0.09387933 1.277528 -0.6528016 1

-0.2576961 -0.1774764 -0.9497867 0
0.4519378 0.8466913 -0.2808319 0
-0.8540174 0.5016136 0.1379807 0
0.1894173 1.270973 -0.6341917 1

-0.2255422 -0.3343015 -0.915081 0
0.1572858 0.9144667 -0.3728436 0
-0.9614534 0.2280211 0.1536699 0
0.1800244 1.293857 -0.6330316 1

-0.1528526 -0.4742119 -0.8670405 0
0.0519166 0.8722857 -0.4862331 0
-0.9868846 0.1193358 0.1087116 0
0.1786152 1.297192 -0.6204191 1

-0.1551349 -0.5837762 -0.7969558 0
0.01716179 0.8050084 -0.5930154 0
-0.9877445 0.1056745 0.1148662 0
0.166247 1.289953 -0.597869 1

0.09111945 -0.9464135 0.3098366 0
-0.08762383 -0.3175439 -0.9441865 0
-0.9919775 -0.05888475 0.1118629 0
0.1190236 1.267981 -0.342597 1

-0.2448854 -0.9453791 -0.2151508 0
-0.6921831 0.3258552 -0.6439728 0
-0.6789065 0.00877586 0.7341725 0
0.1296401 1.274726 -0.4225973 1

-0.1450393 -0.9450706 0.2929251 0
-0.3643827 0.326268 0.8722242 0
0.9198853 -0.01976985 0.3916889 0
0.07326739 1.259125 -0.3496356 1

-0.2798213 -0.7624562 0.5834045 0
-0.407972 0.6445185 0.6466489 0
0.8690563 0.05706661 0.4914106 0
0.06817515 1.252351 -0.3450708 1

-0.3766443 -0.6605622 0.6494588 0
-0.2819423 0.74957 0.5988767 0
0.8824103 -0.04245354 0.4685619 0
0.08799413 1.234595 -0.346294 1

0.970565 0.1200124 -0.2088076 0
-0.02785148 0.9171126 0.3976539 0
-0.2392235 0.3801334 -0.89346 0
0.02101568 0.8784611 0.02263192 1

0.9946293 -0.03892263 -0.09590413 0
0.02188373 0.9847322 -0.1726953 0
-0.1011616 -0.169669 -0.9802952 0
0.01467296 0.969072 0.04522972 1

-0.8229491 0.1325883 0.5524267 0
-0.5143655 -0.5867484 -0.6254236 0
-0.2412116 0.7988409 -0.5510628 0
-0.07157479 0.8368798 0.02973172 1

-0.9999917 0.003133342 -0.002636477 0
-0.002470993 -0.9751201 -0.2216637 0
0.003265455 0.2216552 -0.9751196 0
0.1154296 0.8600038 -0.01050022 1

0.9995748 -0.02229786 -0.01879324 0
0.01676998 0.9667706 -0.2550949 0
-0.0238568 -0.2546713 -0.9667333 0
0.01823013 1.129139 0.01715833 1

-0.8003109 0.06595984 0.5959463 0
0.439146 -0.6122421 0.6575032 0
-0.4082323 -0.7879145 -0.4610181 0
-0.2867572 0.5914164 -0.2319113 1

-0.9662558 -0.09006837 0.2413246 0
0.2073962 -0.8276595 0.5215042 0
-0.1527636 -0.5539562 -0.8184106 0
0.1143958 0.452067 -0.1032321 1

0.9990157 0.01792299 0.04057713 0
0.004669487 0.8671685 -0.497993 0
0.04411276 -0.4976923 -0.8662313 0
0.02052774 1.261594 -0.01779155 1

-0.7688572 0.06610443 0.6359943 0
-0.1376172 -0.9884399 -0.06362908 0
-0.6244358 0.1364453 -0.7690662 0
-0.1157396 0.3529895 0.0241417 1

-0.946436 -0.04640175 0.3195402 0
-0.1402084 -0.8323944 -0.5361541 0
-0.290862 0.5522376 -0.781302 0
0.1951628 0.1297491 0.09985887 1

0.9988269 -0.009567611 0.04746762 0
0.0174835 0.9854144 -0.169272 0
0.04515573 -0.1699033 -0.9844258 0
0.01925499 1.403605 -0.04918293 1

0.2177294 -0.3345601 -0.9168772 0
-0.9751703 -0.1135112 -0.1901531 0
0.04045814 -0.9355133 0.3509678 0
-0.04205165 1.36771 -0.03815705 1

-0.2881291 0.6041843 0.7429287 0
0.9485606 0.0737785 0.307879 0
-0.1312034 -0.7934218 0.5943631 0
0.08071195 1.369914 -0.03317157 1

-0.7099388 0.1732924 0.6826102 0
-0.6733052 -0.4512257 -0.5857099 0
-0.2065121 0.8754231 -0.4370212 0
-0.1366574 0.2027466 0.01447004 1

-0.9803981 -0.046777 0.1913937 0
-0.1927634 0.02673236 -0.980881 0
-0.04076622 0.9985476 0.03522529 0
0.1738511 0.003225148 0.01836343 1

0.9988269 -0.009567611 0.04746762 0
0.0174835 0.9854144 -0.169272 0
0.04515573 -0.1699033 -0.9844258 0
0.02043232 1.444797 -0.06565395 1

0.8117163 0.5308933 -0.2434519 0
0.07423162 -0.5072294 -0.8586082 0
0.5793152 -0.6788746 0.4511355 0
-0.1636164 1.353559 -0.06186156 1

0.6022394 0.3128954 0.7344415 0
0.565037 -0.8169736 -0.1152715 0
-0.5639513 -0.4844075 0.6688112 0
0.1989591 1.379111 0.005208455 1

-0.7099388 0.1732924 0.6826102 0
-0.6733052 -0.4512257 -0.5857099 0
-0.2065121 0.8754231 -0.4370212 0
-0.2612188 0.1192699 -0.0938863 1

-0.9803981 -0.046777 0.1913937 0
-0.1927634 0.02673236 -0.980881 0
-0.04076622 0.9985476 0.03522529 0
0.1381899 0.008170605 -0.1630996 1

0.9903391 -0.1218595 0.06617136 0
0.1339117 0.9643546 -0.2282285 0
0.03600086 -0.2348848 -0.9713566 0
0.02152399 1.483017 -0.08092135 1

-0.6878269 0.5147532 -0.5117849 0
0.6470526 0.1152743 -0.7536809 0
0.3289639 0.8495536 0.4123611 0
-0.1430639 1.213123 -0.2995844 1

0.158301 -0.9178755 -0.3639307 0
-0.6958909 0.1577676 -0.7006036 0
-0.7004831 -0.3641623 0.6137663 0
0.3554009 1.152915 -0.02670673 1

0.9903391 -0.1218595 0.06617136 0
0.1339117 0.9643546 -0.2282285 0
0.03600086 -0.2348848 -0.9713566 0
0.07631144 1.83087 -0.2617109 1

0.03600298 -0.2348849 -0.9713564 0
-0.990339 0.1218591 -0.06617345 0
-0.1339117 -0.9643546 0.2282285 0
-0.002187293 1.613357 -0.2552451 1

-0.03598405 0.2348847 0.9713571 0
0.9903397 -0.1218635 0.06615517 0
-0.1339117 -0.964354 0.2282306 0
0.0986304 1.600951 -0.2485088 1

-0.5640496 -0.2814957 -0.7762786 0
0.811116 -0.01272885 -0.584747 0
-0.1547226 0.9594783 -0.2355053 0
0.03743014 1.245278 -0.5098221 1

-0.2692633 -0.9105227 -0.3137609 0
-0.01891151 0.3307296 -0.9435361 0
-0.9628811 0.248126 0.1062726 0
0.1612835 1.196924 -0.2221387 1

-0.8193476 -0.2434603 -0.5190346 0
0.4163752 0.3696263 -0.8306674 0
-0.3940834 0.8967186 0.2014814 0
0.04171302 1.252128 -0.5454333 1

-0.3246829 -0.2174211 -0.9204942 0
0.9271974 0.1190228 -0.3551604 0
-0.1867792 0.9687943 -0.1629476 0
0.1098853 1.240288 -0.5890272 1

-0.4482669 -0.29167 -0.8449768 0
0.7641521 0.3654396 -0.5315313 0
-0.4638196 0.8839589 -0.05906566 0
0.1228226 1.244453 -0.5707611 1

-0.4493359 -0.427824 -0.7842602 0
0.6926805 0.3875469 -0.6082776 0
-0.5641731 0.8165628 -0.1222066 0
0.1337754 1.251446 -0.5514442 1

-0.5200027 -0.5162362 -0.6805128 0
0.6205035 0.3192073 -0.7162977 0
-0.5870034 0.7947374 -0.1543378 0
0.1419798 1.258999 -0.5330375 1

-0.1952277 -0.6482295 -0.7359924 0
-0.2214295 0.7601887 -0.6108046 0
-0.9554346 -0.04372426 0.2919467 0
0.1533304 1.229695 -0.2361514 1

-0.2669819 -0.9259518 -0.2670844 0
-0.07583091 0.2964701 -0.9520271 0
-0.9607137 0.2339208 0.1493677 0
0.1626634 1.252411 -0.3141574 1

-0.4162222 -0.9073099 -0.05956668 0
-0.6249298 0.3330377 -0.7060801 0
-0.6604712 0.2566612 0.7056225 0
0.1587936 1.231136 -0.3212829 1

-0.5890455 -0.7770987 0.2216831 0
-0.7375613 0.404911 -0.5404173 0
-0.3301956 0.4818352 0.8116688 0
0.1521572 1.209355 -0.326134 1

-0.7562537 -0.6101174 0.2362992 0
-0.637116 0.6045315 -0.478148 0
-0.1488761 0.5121511 0.8458944 0
0.1449914 1.189211 -0.3285947 1

-0.01891145 0.3307298 -0.9435363 0
0.2692632 0.9105228 0.3137611 0
-0.9628811 0.248126 0.1062726 0
0.1349253 1.260769 -0.3465495 1

-0.6957302 -0.1434969 -0.7038243 0
0.5901382 0.4444247 -0.6739616 0
-0.4095081 0.8842489 0.2245165 0
0.06050794 1.268813 -0.582929 1

-0.2844052 -0.2032588 -0.9369097 0
0.7667354 0.5384462 -0.3495614 0
-0.5755268 0.8177789 -0.0027088 0
0.1613381 1.246893 -0.6087362 1

-0.340802 -0.3366265 -0.8778025 0
0.5237779 0.7073808 -0.4746258 0
-0.7807118 0.6215269 0.06475902 0
0.1671847 1.265668 -0.6016186 1

-0.3052573 -0.4828942 -0.8207507 0
0.4283313 0.700151 -0.5712454 0
-0.8505 0.5259299 0.006887481 0
0.1713112 1.272446 -0.5844067 1

-0.3433315 -0.5902538 -0.7305644 0
0.3734115 0.6279424 -0.6828271 0
-0.8617933 0.5072371 -0.004815176 0
0.164842 1.27076 -0.5594293 1

-0.3167439 -0.8484117 -0.4241122 0
-0.2564623 0.5070844 -0.8228564 0
-0.9131815 0.1518661 0.3782012 0
0.1433349 1.264011 -0.2637235 1

-0.2669818 -0.925952 -0.2670838 0
-0.07583134 0.2964696 -0.9520271 0
-0.9607136 0.2339207 0.149368 0
0.1584553 1.268863 -0.3669883 1

-0.3877308 -0.9072108 0.1631978 0
-0.9152309 0.3999535 0.04889017 0
0.1096253 0.1304073 0.9853813 0
0.122514 1.25047 -0.3622735 1

-0.4827043 -0.737232 0.4727426 0
-0.7752043 0.6108374 0.161048 0
0.4074987 0.2887335 0.866359 0
0.112189 1.231297 -0.355419 1

-0.7218909 -0.5907952 0.3603259 0
-0.6827732 0.6928632 -0.2318662 0
0.1126711 0.4134031 0.9035505 0
0.1215171 1.211485 -0.3462119 1

-0.837387 -0.3843052 -0.3887066 0
0.3978454 0.05913934 -0.9155445 0
-0.3748362 0.9213102 -0.1033715 0
0.09106924 1.291828 -0.6178315 1

-0.2548034 -0.1716429 -0.9516376 0
0.4514146 0.8491945 -0.2740331 0
-0.8551611 0.4994076 0.1388956 0
0.187339 1.265152 -0.6205901 1

-0.2225055 -0.3286431 -0.91787 0
0.1569143 0.9171253 -0.3664146 0
-0.9622212 0.2255561 0.1524965 0
0.1864703 1.291714 -0.6190943 1

-0.1497347 -0.468755 -0.8705451 0
0.05192287 0.8755286 -0.480369 0
-0.987362 0.1171292 0.1067578 0
0.1872791 1.298548 -0.6057022 1

-0.1520426 -0.5787792 -0.8011853 0
0.01756565 0.8088994 -0.5876852 0
-0.9882181 0.1034267 0.1128205 0
0.1753542 1.288438 -0.578652 1

0.08975802 -0.9476152 0.3065441 0
-0.08757351 -0.3141035 -0.9453411 0
-0.9921059 -0.05800663 0.1111791 0
0.1300541 1.29027 -0.3063349 1

-0.2459913 -0.9443009 -0.2185975 0
-0.6914539 0.3290087 -0.6431528 0
-0.6792498 0.007059954 0.7338734 0
0.1558838 1.278917 -0.3992724 1

-0.1463905 -0.94591 0.2895242 0
-0.3643866 0.3236603 0.8731934 0
0.9196699 -0.02232856 0.3920577 0
0.08881539 1.265196 -0.3604734 1

-0.2810791 -0.7641473 0.5805805 0
-0.4074595 0.6427593 0.64872 0
0.8688909 0.05422118 0.4920253 0
0.08328967 1.254068 -0.3494152 1

-0.3778036 -0.6623626 0.646947 0
-0.2812724 0.7478169 0.6013787 0
0.8821284 -0.04523481 0.4688322 0
0.1022958 1.23099 -0.3527393 1

-0.837387 -0.3843052 -0.3887066 0
0.3978454 0.05913934 -0.9155445 0
-0.3748362 0.9213102 -0.1033715 0
0.1035356 1.293681 -0.6465195 1

-0.2548034 -0.1716429 -0.9516376 0
0.4514146 0.8491945 -0.2740331 0
-0.8551611 0.4994076 0.1388956 0
0.1990319 1.287149 -0.6276882 1

-0.2225055 -0.3286431 -0.91787 0
0.1569143 0.9171253 -0.3664146 0
-0.9622212 0.2255561 0.1524965 0
0.1896007 1.310011 -0.6264045 1

-0.1497347 -0.468755 -0.8705451 0
0.05192287 0.8755286 -0.480369 0
-0.987362 0.1171292 0.1067578 0
0.1881516 1.31326 -0.6137746 1

-0.1520426 -0.5787792 -0.8011853 0
0.01756565 0.8088994 -0.5876852 0
-0.9882181 0.1034267 0.1128205 0
0.1757325 1.305856 -0.5913066 1

0.08975802 -0.9476152 0.3065441 0
-0.08757351 -0.3141035 -0.9453411 0
-0.9921059 -0.05800663 0.1111791 0
0.1273096 1.280426 -0.3359607 1

-0.2459913 -0.9443009 -0.2185975 0
-0.6914539 0.3290087 -0.6431528 0
-0.6792498 0.007059954 0.7338734 0
0.1379735 1.287439 -0.4159316 1

-0.1463905 -0.94591 0.2895242 0
-0.3643866 0.3236603 0.8731934 0
0.9196699 -0.02232856 0.3920577 0
0.08154555 1.271654 -0.3430524 1

-0.2810791 -0.7641473 0.5805805 0
-0.4074595 0.6427593 0.64872 0
0.8688909 0.05422118 0.4920253 0
0.07644249 1.26487 -0.3385139 1

-0.3778036 -0.6623626 0.646947 0
-0.2812724 0.7478169 0.6013787 0
0.8821284 -0.04523481 0.4688322 0
0.0962393 1.247092 -0.33979 1

0.978413 0.1150162 -0.1716955 0
-0.03611262 0.9131858 0.4059403 0
-0.2034796 0.3909769 -0.8976264 0
0.02994446 0.8967724 0.03844374 1

0.9983588 -0.01512482 -0.05523498 0
0.003618613 0.9792274 -0.202733 0
-0.05715389 -0.2022004 -0.977675 0
0.02340327 0.987192 0.06174036 1

-0.8387821 0.1427571 0.5254192 0
-0.5094888 -0.5461071 -0.6649726 0
-0.1920055 0.825462 -0.5307978 0
-0.06313166 0.8558009 0.04169701 1

-0.997709 -0.06748604 0.004754752 0
0.06625764 -0.988912 -0.1329026 0
-0.01367106 0.132283 -0.9911178 0
0.1253848 0.8779624 0.00861568 1

0.9999385 -0.01000263 -0.00479424 0
0.008311227 0.961876 -0.27336 0
-0.007345781 -0.2733034 -0.9619 0
0.02399147 1.146364 0.02878638 1

-0.8153542 0.08423746 0.5728017 0
0.3297569 -0.7456312 0.5790462 0
-0.4758762 -0.6610131 -0.5801758 0
-0.2762739 0.6273396 -0.2364912 1

-0.9632912 -0.1199416 0.2401759 0
0.2280661 -0.8375729 0.4964451 0
-0.1416204 -0.5329971 -0.834181 0
0.1531034 0.4642557 -0.0469835 1

0.9996076 0.009521246 0.02634405 0
0.005279884 0.8595619 -0.5110046 0
0.02750973 -0.5109432 -0.8591744 0
0.02513018 1.278148 -0.00866593 1

-0.7529516 0.06180916 0.655167 0
-0.1792648 -0.9771933 -0.113831 0
-0.633189 0.2031574 -0.7468594 0
-0.1478559 0.3369667 -0.0109919 1

-0.9474288 -0.03509694 0.3180364 0
-0.1075464 -0.9012071 -0.419833 0
-0.3013515 0.4319655 -0.8500549 0
0.2419198 0.1380771 0.1463487 1

0.9997447 0.01606113 0.01589708 0
-0.01409904 0.9930727 -0.1166529 0
0.01766053 -0.116399 -0.9930454 0
0.02466507 1.419681 -0.04217027 1

0.2021807 -0.3651675 -0.9087222 0
-0.9786025 -0.1115341 -0.1729087 0
0.03821275 -0.9242366 0.3799038 0
-0.03679363 1.384508 -0.02975008 1

-0.2694736 0.6154742 0.7406591 0
0.9544011 0.06808868 0.2906587 0
-0.1284624 -0.7852105 0.6057575 0
0.08604274 1.38568 -0.02651368 1

-0.6883431 0.1631105 0.706809 0
-0.7043919 -0.3830253 -0.5975984 0
-0.1732512 0.9092232 -0.3785464 0
-0.1751042 0.1884333 -0.02829424 1

-0.9828191 -0.01858994 0.1836339 0
-0.1841967 0.03533547 -0.9822542 0
-0.01177124 0.9992027 0.03815264 0
0.2255728 0.001093507 0.08253399 1

0.9997447 0.01606113 0.01589708 0
-0.01409904 0.9930727 -0.1166529 0
0.01766053 -0.116399 -0.9930454 0
0.02421685 1.461702 -0.05643751 1

0.8006201 0.5497777 -0.2382272 0
0.08918764 -0.5025135 -0.8599572 0
0.5924976 -0.6672518 0.4513555 0
-0.1587862 1.370604 -0.05130486 1

0.6048543 0.3261446 0.7264855 0
0.5711545 -0.8133888 -0.1103711 0
-0.5549181 -0.4816937 0.6782607 0
0.205018 1.394168 0.009719715 1

-0.6883431 0.1631105 0.706809 0
-0.7043919 -0.3830253 -0.5975984 0
-0.1732512 0.9092232 -0.3785464 0
-0.3054167 0.1175736 -0.1388499 1

-0.9828191 -0.01858994 0.1836339 0
-0.1841967 0.03533547 -0.9822542 0
-0.01177124 0.9992027 0.03815264 0
0.1914964 0.007630706 -0.09918302 1

0.9900189 -0.1222245 0.07017082 0
0.1340777 0.9702246 -0.2017114 0
0.04342739 -0.2091064 -0.9769281 0
0.02380077 1.50069 -0.06966019 1

-0.7059689 0.4835561 -0.5174763 0
0.6366112 0.1130564 -0.762853 0
0.3103783 0.8679819 0.3876514 0
-0.1340928 1.231473 -0.2894013 1

0.1499334 -0.9221246 -0.3566603 0
-0.7057089 0.1528379 -0.6918206 0
-0.6924559 -0.3554251 0.6278359 0
0.3631534 1.168965 -0.02083872 1

0.9900189 -0.1222245 0.07017082 0
0.1340777 0.9702246 -0.2017114 0
0.04342739 -0.2091064 -0.9769281 0
0.07936405 1.853268 -0.2408003 1

0.04342952 -0.2091067 -0.976928 0
-0.9900188 0.122224 -0.07017294 0
-0.1340777 -0.9702246 0.2017114 0
0.001156554 1.635554 -0.2406518 1

-0.04341061 0.2091065 0.9769289 0
0.9900196 -0.122228 0.07015453 0
-0.1340778 -0.9702243 0.2017135 0
0.1019416 1.623111 -0.2335083 1

-0.5631168 -0.2753441 -0.779157 0
0.8119115 -0.008696459 -0.5837161 0
-0.1539466 0.9613068 -0.2284518 0
0.04348852 1.26301 -0.5021976 1

-0.2704305 -0.9095083 -0.3156935 0
-0.01836181 0.3327247 -0.9428455 0
-0.9625643 0.2491774 0.106679 0
0.1662974 1.211599 -0.2138207 1

-0.8187494 -0.2391324 -0.5219824 0
0.417689 0.3756981 -0.8272769 0
-0.3939363 0.8953587 0.2077197 0
0.04782348 1.270127 -0.5377501 1

-0.3235222 -0.2102958 -0.9225559 0
0.9277399 0.1212589 -0.3529807 0
-0.1860983 0.970089 -0.1558697 0
0.1160499 1.258585 -0.5813391 1

-0.4472446 -0.2850541 -0.8477719 0
0.7650532 0.3690813 -0.5277054 0
-0.4633211 0.8846039 -0.05301166 0
0.1289641 1.262605 -0.5630242 1

-0.4484614 -0.4216631 -0.7880884 0
0.6936972 0.3918029 -0.6043799 0
-0.5636197 0.8177357 -0.116798 0
0.1398936 1.269446 -0.5436401 1

-0.519312 -0.5108234 -0.6851097 0
0.6216365 0.324317 -0.7130126 0
-0.586416 0.7961649 -0.1491246 0
0.1480764 1.276856 -0.5251654 1

-0.1959977 -0.6464319 -0.7373679 0
-0.2203508 0.7617553 -0.609241 0
-0.9555263 -0.04306962 0.2917441 0
0.1583893 1.244409 -0.2277657 1

-0.268175 -0.9250379 -0.2690492 0
-0.07532549 0.2985583 -0.9514146 0
-0.9604209 0.2348795 0.1497447 0
0.1677616 1.267276 -0.3057232 1

-0.4174151 -0.9066321 -0.06151021 0
-0.6244046 0.3353387 -0.7054553 0
-0.6602148 0.2560605 0.7060807 0
0.1638646 1.246021 -0.3128935 1

-0.5900993 -0.7767801 0.2199909 0
-0.7369606 0.4070146 -0.5396558 0
-0.3296542 0.4805751 0.8126352 0
0.1571999 1.224258 -0.3177909 1

-0.7570882 -0.6096086 0.2349365 0
-0.6362587 0.6063715 -0.4769579 0
-0.1482988 0.5105796 0.8469454 0
0.1500079 1.204129 -0.3202944 1

-0.01836173 0.3327249 -0.9428455 0
0.2704306 0.9095085 0.3156938 0
-0.9625643 0.2491774 0.106679 0
0.1400385 1.275738 -0.3381009 1

-0.6948315 -0.1378338 -0.7058411 0
0.591272 0.4492251 -0.6697721 0
-0.4093986 0.8827227 0.2306386 0
0.06667767 1.287086 -0.5750927 1

-0.2832154 -0.1960292 -0.9388087 0
0.7674682 0.5407051 -0.3444285 0
-0.5751366 0.8180534 0.002689987 0
0.1675329 1.265314 -0.6009269 1

-0.3397561 -0.329813 -0.8807893 0
0.5247624 0.7106978 -0.4685438 0
-0.7805067 0.6213956 0.06839048 0
0.1733786 1.284031 -0.5936597 1

-0.3043587 -0.4765251 -0.824797 0
0.4294451 0.7042452 -0.5653459 0
-0.8502606 0.5262728 0.009701908 0
0.1774846 1.290677 -0.576391 1

-0.3426074 -0.5845455 -0.7354779 0
0.3746442 0.6329092 -0.6775455 0
-0.8615466 0.5076745 -0.002157331 0
0.1709803 1.288805 -0.5514361 1

-0.3178157 -0.8471041 -0.4259204 0
-0.2556933 0.5091411 -0.8218253 0
-0.9130246 0.152284 0.3784119 0
0.1484425 1.278795 -0.2552674 1

-0.268175 -0.925038 -0.2690488 0
-0.0753259 0.2985578 -0.9514147 0
-0.960421 0.2348793 0.1497451 0
0.1635816 1.283844 -0.35852 1

-0.3889501 -0.9070359 0.1612574 0
-0.9147065 0.4010613 0.04961963 0
0.1096807 0.1282036 0.9856645 0
0.1276155 1.265488 -0.3538478 1

-0.4837355 -0.7375785 0.4711456 0
-0.7744145 0.6115249 0.162234 0
0.4077774 0.2863836 0.8670077 0
0.1172643 1.246314 -0.3470347 1

-0.7227147 -0.5905908 0.3590072 0
-0.6818281 0.6942492 -0.2304974 0
0.1131107 0.4113652 0.9044255 0
0.126565 1.226471 -0.3378678 1

-0.8370341 -0.3809504 -0.3927483 0
0.3991292 0.0658709 -0.9145257 0
-0.3742593 0.9222465 -0.09691192 0
0.09729775 1.31035 -0.6097782 1

-0.2535784 -0.1643171 -0.9532567 0
0.452191 0.8510252 -0.2669832 0
-0.8551151 0.4987549 0.141499 0
0.1935586 1.28365 -0.6126069 1

-0.2214009 -0.3215837 -0.9206335 0
0.1578498 0.9197949 -0.3592512 0
-0.9623231 0.2248601 0.1528815 0
0.1927003 1.310199 -0.6109115 1

-0.1487613 -0.4620846 -0.8742702 0
0.052995 0.8791118 -0.4736606 0
-0.9874523 0.1167943 0.1062895 0
0.1934941 1.316931 -0.5974668 1

-0.1512163 -0.5726292 -0.805748 0
0.01875378 0.8133129 -0.5815244 0
-0.9883232 0.1030466 0.112247 0
0.1815273 1.306623 -0.5705102 1

0.08846774 -0.9483714 0.3045742 0
-0.08787677 -0.3120119 -0.9460055 0
-0.9921951 -0.05692588 0.1109428 0
0.1352015 1.305161 -0.2978254 1

-0.2472145 -0.9435156 -0.2205983 0
-0.6909416 0.3312662 -0.6425443 0
-0.679327 0.006425783 0.7338079 0
0.1610272 1.293968 -0.3907835 1

-0.1476763 -0.9463183 0.2875305 0
-0.3640618 0.3223174 0.8738257 0
0.9195928 -0.02436452 0.3921168 0
0.09393615 1.280255 -0.3520209 1

-0.2821589 -0.7649858 0.5789503 0
-0.4066858 0.6419414 0.6500143 0
0.8689033 0.05204342 0.4922383 0
0.08839439 1.269112 -0.3409866 1

-0.3787565 -0.663212 0.645518 0
-0.2803541 0.7469305 0.6029069 0
0.882012 -0.04738136 0.4688389 0
0.1073704 1.246015 -0.3443567 1

-0.8370341 -0.3809504 -0.3927483 0
0.3991292 0.0658709 -0.9145257 0
-0.3742593 0.9222465 -0.09691192 0
0.1098043 1.312414 -0.6384344 1

-0.2535784 -0.1643171 -0.9532567 0
0.452191 0.8510252 -0.2669832 0
-0.8551151 0.4987549 0.141499 0
0.2052716 1.305693 -0.6195225 1

-0.2214009 -0.3215837 -0.9206335 0
0.1578498 0.9197949 -0.3592512 0
-0.9623231 0.2248601 0.1528815 0
0.1958495 1.328549 -0.6180786 1

-0.1487613 -0.4620846 -0.8742702 0
0.052995 0.8791118 -0.4736606 0
-0.9874523 0.1167943 0.1062895 0
0.1943847 1.331704 -0.6054264 1

-0.1512163 -0.5726292 -0.805748 0
0.01875378 0.8133129 -0.5815244 0
-0.9883232 0.1030466 0.112247 0
0.181931 1.324136 -0.583032 1

0.08846774 -0.9483714 0.3045742 0
-0.08787677 -0.3120119 -0.9460055 0
-0.9921951 -0.05692588 0.1109428 0
0.1324476 1.295383 -0.3274719 1

-0.2472145 -0.9435156 -0.2205983 0
-0.6909416 0.3312662 -0.6425443 0
-0.679327 0.006425783 0.7338079 0
0.1431302 1.302549 -0.4074269 1

-0.1476763 -0.9463183 0.2875305 0
-0.3640618 0.3223174 0.8738257 0
0.9195928 -0.02436452 0.3921168 0
0.08667278 1.286686 -0.3345873 1

-0.2821589 -0.7649858 0.5789503 0
-0.4066858 0.6419414 0.6500143 0
0.8689033 0.05204342 0.4922383 0
0.08156021 1.279899 -0.3300634 1

-0.3787565 -0.663212 0.645518 0
-0.2803541 0.7469305 0.6029069 0
0.882012 -0.04738136 0.4688389 0
0.1013337 1.262098 -0.3313745 1

0.984912 0.109286 -0.1341822 0
-0.04440368 0.9090026 0.4144184 0
-0.1672621 0.4022075 -0.9001403 0
0.03519781 0.915442 0.03969556 1

0.9997148 0.01370822 -0.01955901 0
-0.01802436 0.970302 -0.2412243 0
-0.01567139 -0.2415081 -0.9702723 0
0.02846287 1.005653 0.06373474 1

-0.8573413 0.1553344 0.4907516 0
-0.487854 -0.5493356 -0.6784017 0
-0.1642082 0.8210371 -0.5467485 0
-0.05823301 0.8751596 0.03905737 1

-0.9907046 -0.1154169 0.07199591 0
0.1096689 -0.9908035 -0.07925421 0
-0.08048105 0.07062181 -0.9942511 0
0.1315356 0.8962169 0.01320395 1

0.9999589 0.005541369 0.007173628 0
-0.00313665 0.9540231 -0.2997165 0
0.008504651 -0.2996817 -0.9540014 0
0.02553303 1.163374 0.02452403 1

-0.823992 0.1122334 0.5553746 0
0.2157091 -0.8442353 0.4906489 0
-0.523934 -0.5240901 -0.6714333 0
-0.2623245 0.6453476 -0.2447488 1

-0.9475175 -0.1469297 0.2839406 0
0.2684326 -0.8480259 0.4569421 0
-0.1736506 -0.5091795 -0.84296 0
0.1774151 0.481719 -0.01995166 1

0.9999025 0.003293775 0.01356347 0
0.004375771 0.8487949 -0.5287042 0
0.01325404 -0.528712 -0.8486979 0
0.02510328 1.294082 -0.01653934 1

-0.7381248 0.0526998 0.6726028 0
-0.2193466 -0.9615288 -0.1653767 0
-0.6380116 0.2696019 -0.7212878 0
-0.1783204 0.3165751 -0.05367428 1

-0.9402617 -0.04636066 0.3372814 0
0.0090051 -0.9937251 -0.1114872 0
-0.3403336 0.10179 -0.9347789 0
0.2819517 0.1514696 0.1579967 1

0.9990536 0.04190456 -0.01165294 0
-0.04268423 0.9960736 -0.07755972 0
-0.008357063 -0.07798374 -0.9969197 0
0.02513342 1.434895 -0.05295605 1

0.1909567 -0.4035429 -0.8948122 0
-0.9809485 -0.111624 -0.1589984 0
0.03571977 -0.9081264 0.4171701 0
-0.03639 1.400402 -0.03903867 1

-0.2528129 0.6307847 0.7336187 0
0.9594374 0.06567101 0.2741667 0
-0.1247626 -0.7731739 0.621801 0
0.0864826 1.400808 -0.03737284 1

-0.6682545 0.1469017 0.7292845 0
-0.7305243 -0.3148625 -0.6059669 0
-0.1406068 0.9377002 -0.3177235 0
-0.2116611 0.1704227 -0.07881153 1

-0.9860336 0.001549035 0.1665398 0
-0.1665428 -0.001996032 -0.9860322 0
0.001194954 0.999997 -0.002226435 0
0.2833204 0.0004234314 0.1410507 1

0.9990536 0.04190456 -0.01165294 0
-0.04268423 0.9960736 -0.07755972 0
-0.008357063 -0.07798374 -0.9969197 0
0.02320346 1.477401 -0.06556255 1

0.7902338 0.5639944 -0.239669 0
0.09980839 -0.5043336 -0.8577216 0
0.6046231 -0.6538794 0.4548327 0
-0.158675 1.386487 -0.0588594 1

0.6065641 0.3431122 0.7171848 0
0.577772 -0.809902 -0.1011854 0
-0.5461314 -0.4757447 0.6894982 0
0.2060857 1.408995 -0.003195308 1

-0.6682545 0.1469017 0.7292845 0
-0.7305243 -0.3148625 -0.6059669 0
-0.1406068 0.9377002 -0.3177235 0
-0.346808 0.1121731 -0.1909154 1

-0.9860336 0.001549035 0.1665398 0
