MeshAnim
1
30
69
60
0.6950222 -0.09969748 0.7120425 0
0.06784255 0.9950147 0.07309728 0
0.7157803 0.002497457 -0.6983211 0
-0.00313461 0.858693 0.0009671545 1

0.7181966 -0.0794695 0.6912874 0
0.2406824 0.9605076 -0.1396326 0
0.6528901 -0.2666644 -0.7089602 0
0.01441344 0.9505357 -0.003302237 1

-0.6790137 0.1588569 -0.7167321 0
0.3838522 -0.7553903 -0.5310771 0
0.6257777 0.6357279 -0.4519428 0
-0.07231222 0.8357281 -0.07002213 1

-0.6209307 0.09968731 -0.7775007 0
0.2179849 -0.9307961 -0.2934301 0
0.7529458 0.3516832 -0.5562297 0
0.06160177 0.8165194 0.06717122 1

0.7389661 -0.0581073 0.671232 0
0.2318828 0.9573433 -0.1724067 0
0.6325814 -0.2830499 -0.7209184 0
0.05353605 1.106665 -0.02599933 1

-0.7486294 0.1046194 -0.6546822 0
-0.6439577 -0.3496394 0.6804931 0
0.1577099 -0.9310247 -0.3291208 0
0.08827057 0.5197141 -0.2921958 1

-0.6744212 0.1270205 -0.7273387 0
-0.5357351 -0.7620556 0.3636743 0
0.5080785 -0.6349307 -0.581996 0
0.1527947 0.4271254 -0.05558385 1

0.7569436 -0.03944664 0.6522885 0
0.3306955 0.8840522 -0.330291 0
0.5636281 -0.4657205 -0.6822226 0
0.0853057 1.237828 -0.04962031 1

-0.7506319 0.01199725 -0.6606117 0
-0.4672858 -0.7164999 0.5179496 0
0.4671142 -0.6974841 -0.5434338 0
-0.1625073 0.3835533 -0.02718977 1

-0.7222782 0.01854164 -0.6913538 0
0.3439782 -0.8575991 -0.3823647 0
0.5999942 0.5139844 -0.6130475 0
-0.05583826 0.1303558 0.08604297 1

0.8003179 -0.0474171 0.5976977 0
0.284832 0.907267 -0.3094142 0
0.5275999 -0.4178733 -0.739608 0
0.1066563 1.38079 -0.06575099 1

0.5967128 -0.6369314 -0.4881113 0
-0.6944999 -0.1051886 -0.7117622 0
-0.4019998 -0.7637106 0.5051161 0
0.05110557 1.347976 -0.0974668 1

-0.4244587 0.5179383 0.7426808 0
0.7950457 -0.179314 0.5794384 0
-0.4332865 -0.8364129 0.3356732 0
0.1441228 1.34313 -0.01731118 1

-0.8051742 0.1162414 -0.5815346 0
-0.005626429 -0.9820552 -0.1885102 0
0.5930117 0.1485116 -0.7913795 0
-0.2335348 0.2746451 0.05153858 1

-0.6479574 -0.0005588979 -0.7616763 0
0.7616711 0.003286287 -0.6479555 0
-0.002865218 0.9999945 0.001703739 0
-0.003553586 6.556511E-07 0.02792353 1

0.8003179 -0.0474171 0.5976977 0
0.284832 0.907267 -0.3094142 0
0.5275999 -0.4178733 -0.739608 0
0.1239084 1.416292 -0.08603506 1

0.872896 0.2406595 -0.4244239 0
-0.10757 -0.7535571 -0.6485218 0
0.4759005 -0.6117472 0.6318892 0
-0.03547078 1.334863 -0.186195 1

0.1930488 0.2581249 0.9466276 0
0.6732472 -0.7366788 0.06357878 0
-0.7137719 -0.6250405 0.3159969 0
0.2432329 1.320777 0.05492136 1

-0.8051742 0.1162414 -0.5815346 0
-0.005626429 -0.9820552 -0.1885102 0
0.5930117 0.1485116 -0.7913795 0
-0.2345757 0.09296507 0.01666422 1

-0.6479574 -0.0005588979 -0.7616763 0
0.7616711 0.003286287 -0.6479555 0
-0.002865218 0.9999945 0.001703739 0
0.1373556 0.0006085634 -0.09194826 1

0.9359093 -0.2528037 0.2452836 0
0.3125802 0.9170848 -0.2474861 0
0.1623804 -0.3082953 -0.9373294 0
0.1399071 1.449237 -0.1048436 1

-0.4454399 0.4332792 -0.7834874 0
0.8887063 0.3200815 -0.3282512 0
-0.1085555 0.8425065 0.5276349 0
-0.0652537 1.126226 -0.3657513 1

0.2227766 -0.9045445 -0.363552 0
-0.4281549 0.2442485 -0.8700725 0
-0.8758162 -0.3494883 0.3328722 0
0.4296348 1.116813 0.07252442 1

0.9359093 -0.2528037 0.2452836 0
0.3125802 0.9170848 -0.2474861 0
0.1623804 -0.3082953 -0.9373294 0
0.2754345 1.77191 -0.2897834 1

0.1623824 -0.3082958 -0.9373288 0
-0.9359089 0.2528031 -0.2452855 0
-0.3125802 -0.9170848 0.2474861 0
0.1653878 1.568449 -0.2867189 1

-0.1623641 0.308293 0.937333 0
0.9359119 -0.2528089 0.2452679 0
-0.3125805 -0.917084 0.2474881 0
0.2606645 1.542713 -0.2617487 1

-0.5318307 -0.3439359 -0.7738632 0
0.8098928 0.06044408 -0.5834554 0
-0.2474467 0.9370457 -0.2464053 0
0.182649 1.215512 -0.4573163 1

-0.172842 -0.9354499 -0.3083178 0
-0.04740649 0.320567 -0.946039 0
-0.983808 0.148899 0.09975383 0
0.3102019 1.184945 -0.1701806 1

-0.7902588 -0.3282943 -0.517411 0
0.3801809 0.3995361 -0.8341663 0
-0.4805764 0.8559171 0.1909257 0
0.1863275 1.222358 -0.4929958 1

-0.5792798 -0.1860509 -0.7936121 0
0.6905089 0.4053753 -0.5990563 0
-0.4331655 0.8950174 0.106356 0
0.2554389 1.216781 -0.5363613 1

-0.5882735 -0.176037 -0.789269 0
0.6886643 0.4025486 -0.6030725 0
-0.423882 0.8983127 0.1155782 0
0.2678608 1.222394 -0.5181252 1

-0.53423 -0.3217717 -0.7817043 0
0.6984751 0.3528561 -0.6225955 0
-0.4761627 0.8786101 -0.03624317 0
0.2780278 1.230638 -0.4988726 1

-0.4632493 -0.4701316 -0.7512498 0
0.7840036 0.1778371 -0.594737 0
-0.4132048 0.8644944 -0.286202 0
0.2854071 1.239161 -0.4805399 1

0.1077266 -0.7022849 -0.7036984 0
-0.4425704 0.5999399 -0.6664862 0
-0.8902395 -0.3832341 0.2461809 0
0.299013 1.216632 -0.1844738 1

-0.1602856 -0.9654456 -0.2054847 0
-0.1569665 0.2304577 -0.960339 0
-0.9745102 0.1216746 0.1884817 0
0.3064065 1.239649 -0.2625997 1

-0.09366913 -0.9901877 -0.1037068 0
-0.09301731 0.1124127 -0.9892985 0
-0.9912487 0.08302028 0.1026342 0
0.3047758 1.218041 -0.2695862 1

-0.3540766 -0.9332207 -0.0610666 0
-0.279349 0.1678526 -0.9454047 0
-0.8925211 0.3176871 0.320127 0
0.3004322 1.195661 -0.2743082 1

-0.4478144 -0.8905718 -0.07965021 0
-0.1862986 0.1800612 -0.9658525 0
-0.8745029 0.4176841 0.2465464 0
0.2953809 1.174873 -0.2766544 1

-0.04740638 0.3205672 -0.946039 0
0.1728419 0.9354499 0.308318 0
-0.983808 0.148899 0.09975383 0
0.2781399 1.244899 -0.2951871 1

-0.6765807 -0.2187258 -0.7031341 0
0.5453894 0.492724 -0.6780661 0
-0.4947615 0.8422484 0.2140768 0
0.2034886 1.240392 -0.5306496 1

-0.5503816 -0.1551426 -0.8203723 0
0.4281648 0.7910942 -0.4368583 0
-0.7167671 0.5916935 0.3689772 0
0.2937572 1.239277 -0.5696048 1

-0.549579 -0.1189889 -0.8269248 0
0.2185052 0.9348794 -0.2797427 0
-0.8063613 0.3344281 0.4877904 0
0.3078405 1.245764 -0.553136 1

-0.4960603 -0.2306758 -0.8370858 0
-0.143104 0.9726014 -0.1832159 0
-0.8564141 -0.02890411 0.5154797 0
0.3158778 1.249759 -0.5326107 1

-0.4135125 -0.4196782 -0.8080084 0
0.2024602 0.8228353 -0.5309917 0
-0.8877034 0.3831613 0.2552845 0
0.3142934 1.245714 -0.5024528 1

0.2444973 -0.8861223 -0.3937114 0
-0.3883893 0.2825437 -0.8771107 0
-0.8884678 -0.3673645 0.2750792 0
0.2790349 1.243714 -0.2145595 1

-0.1561323 -0.9692451 -0.1902292 0
-0.3513 0.2344892 -0.9064234 0
-0.9231527 0.07469478 0.377107 0
0.297696 1.252437 -0.3158917 1

0.01113284 -0.9992925 -0.03593026 0
-0.9486187 -0.02191805 0.3156618 0
0.3162256 -0.0305699 0.9481913 0
0.2993758 1.224567 -0.3270187 1

-0.2315871 -0.9724151 -0.02786626 0
-0.7229981 0.1528804 0.6737223 0
0.6508773 -0.1761725 0.7384593 0
0.2852944 1.204757 -0.3255394 1

-0.3509408 -0.9361711 -0.02061182 0
-0.8930449 0.3279922 0.3080458 0
0.281623 -0.126513 0.9511485 0
0.2885168 1.181507 -0.3122411 1

-0.7947254 -0.4687916 -0.3855466 0
0.3923848 0.08781736 -0.9155995 0
-0.463083 0.8789328 -0.114156 0
0.2317326 1.265909 -0.5657644 1

-0.5377111 -0.1091308 -0.8360366 0
0.06011846 0.9841014 -0.1671245 0
-0.840983 0.1401262 0.5226014 0
0.3082768 1.266104 -0.5844191 1

-0.5553787 -0.04395034 -0.8304355 0
-0.3612 0.912237 0.1932837 0
-0.7490588 -0.407299 0.5225118 0
0.3158859 1.280186 -0.5634362 1

-0.5885858 -0.06738623 -0.8056214 0
-0.4867099 0.8252243 0.2865637 0
-0.6455078 -0.5607712 0.518513 0
0.3105429 1.286017 -0.5394409 1

-0.4160845 -0.3675654 -0.8317268 0
-0.2732005 0.9229366 -0.2712008 0
-0.8673148 -0.1143856 0.4844386 0
0.319993 1.268878 -0.5174012 1

0.2962956 -0.9526147 0.06880815 0
-0.02234671 -0.0789382 -0.996629 0
-0.9548348 -0.2937591 0.04467687 0
0.2589223 1.258345 -0.2599805 1

-0.1278517 -0.97967 -0.1546002 0
-0.809253 0.1931629 -0.5547951 0
-0.5733791 -0.05417896 0.817497 0
0.2857831 1.260389 -0.3466295 1

0.06576359 -0.9916468 -0.1109607 0
-0.004852533 -0.1115178 0.9937508 0
0.9978235 0.06481409 0.01214588 0
0.2644478 1.22376 -0.3153961 1

-0.2157069 -0.9681635 -0.1270052 0
0.4788845 -0.2182416 0.850318 0
0.8509642 -0.1225989 -0.5107147 0
0.2583412 1.210456 -0.3004231 1

-0.2950871 -0.9493947 -0.1075824 0
0.05214515 -0.1284304 0.9903468 0
0.9540465 -0.2866287 -0.08740449 0
0.2633761 1.19074 -0.303569 1

-0.7947254 -0.4687916 -0.3855466 0
0.3923848 0.08781736 -0.9155995 0
-0.463083 0.8789328 -0.114156 0
0.2440277 1.268661 -0.5944542 1

-0.5377111 -0.1091308 -0.8360366 0
0.06011846 0.9841014 -0.1671245 0
-0.840983 0.1401262 0.5226014 0
0.3098341 1.291595 -0.5887482 1

-0.5553787 -0.04395034 -0.8304355 0
-0.3612 0.912237 0.1932837 0
-0.7490588 -0.407299 0.5225118 0
0.3086797 1.298386 -0.55958 1

-0.5885858 -0.06738623 -0.8056214 0
-0.4867099 0.8252243 0.2865637 0
-0.6455078 -0.5607712 0.518513 0
0.302364 1.299885 -0.5346252 1

-0.4160845 -0.3675654 -0.8317268 0
-0.2732005 0.9229366 -0.2712008 0
-0.8673148 -0.1143856 0.4844386 0
0.3141103 1.288751 -0.5232409 1

0.2962956 -0.9526147 0.06880815 0
-0.02234671 -0.0789382 -0.996629 0
-0.9548348 -0.2937591 0.04467687 0
0.2582221 1.255871 -0.2912135 1

-0.1278517 -0.97967 -0.1546002 0
-0.809253 0.1931629 -0.5547951 0
-0.5733791 -0.05417896 0.817497 0
0.2648214 1.265393 -0.3610001 1

0.06576359 -0.9916468 -0.1109607 0
-0.004852533 -0.1115178 0.9937508 0
0.9978235 0.06481409 0.01214588 0
0.264351 1.221535 -0.2955698 1

-0.2157069 -0.9681635 -0.1270052 0
0.4788845 -0.2182416 0.850318 0
0.8509642 -0.1225989 -0.5107147 0
0.2663886 1.206789 -0.2861339 1

-0.2950871 -0.9493947 -0.1075824 0
0.05214515 -0.1284304 0.9903468 0
0.9540465 -0.2866287 -0.08740449 0
0.2644989 1.187975 -0.2822443 1

0.7151474 -0.1066044 0.6907964 0
0.08347366 0.9942539 0.06701817 0
0.6939714 -0.009735437 -0.7199367 0
-0.001372236 0.8687438 -0.0002292833 1

0.7442324 -0.06459479 0.6647899 0
0.2234681 0.9620335 -0.1566959 0
0.6294284 -0.2651776 -0.7304114 0
0.01727403 0.9603233 -0.005400456 1

-0.7185646 0.1622816 -0.6762616 0
0.4237796 -0.6688403 -0.6107895 0
0.5514307 0.7254775 -0.4118332 0
-0.07300031 0.8464692 -0.06897277 1

-0.6301852 0.08889461 -0.7713392 0
0.08760954 -0.9789394 -0.184397 0
0.7714863 0.183781 -0.6091251 0
0.06479133 0.8259297 0.06412697 1

0.7630839 -0.05435646 0.6440095 0
0.2167446 0.9602745 -0.1757694 0
0.6088717 -0.2737124 -0.7445514 0
0.0535985 1.116701 -0.03087118 1

-0.7887633 0.1356909 -0.5995337 0
-0.5752627 -0.5066578 0.6421612 0
0.2166229 -0.8514025 -0.4776909 0
0.1042859 0.566663 -0.3244937 1

-0.6770219 0.1099021 -0.7277105 0
-0.5542528 -0.7266691 0.4059015 0
0.4841954 -0.6781399 -0.5528845 0
0.1014424 0.4163951 -0.01301465 1

0.779577 -0.04684785 0.6245519 0
0.3138155 0.8922075 -0.3247854 0
0.5420144 -0.4491892 -0.710246 0
0.08329409 1.248265 -0.05495287 1

-0.7556456 0.09266708 -0.6483926 0
-0.3391339 -0.9022653 0.2662812 0
0.5603465 -0.4211061 -0.7132192 0
-0.11974 0.3693541 -0.0744154 1

-0.7241593 0.02105392 -0.6893111 0
0.3340865 -0.8637061 -0.3773569 0
0.6033071 0.5035561 -0.618427 0
-0.114402 0.1334062 0.1450568 1

0.8205606 -0.05521236 0.5688861 0
0.2719845 0.9131252 -0.3036881 0
0.5026971 -0.4039229 -0.7642918 0
0.1032433 1.391639 -0.06909934 1

0.5875764 -0.6174322 -0.5230024 0
-0.716818 -0.09731589 -0.6904356 0
-0.3754009 -0.7805812 0.4997671 0
0.0468036 1.359072 -0.09947131 1

-0.3846788 0.5035146 0.7736248 0
0.8230982 -0.1922135 0.5343813 0
-0.4177699 -0.8423343 0.3405018 0
0.1426021 1.353316 -0.02272407 1

-0.8242094 0.1583149 -0.5437054 0
0.1460642 -0.8682043 -0.4742223 0
0.5471237 0.4702744 -0.6924579 0
-0.1712883 0.2322098 -0.03394069 1

-0.650251 0.0007071942 -0.759719 0
0.7596846 -0.008991671 -0.65023 0
0.007290974 0.9999593 -0.005309567 0
-0.06362086 0.00212276 0.08769858 1

0.8205606 -0.05521236 0.5688861 0
0.2719845 0.9131252 -0.3036881 0
0.5026971 -0.4039229 -0.7642918 0
0.119707 1.427525 -0.08936366 1

0.8698053 0.2698958 -0.4130318 0
-0.07716236 -0.7524106 -0.6541593 0
0.4873242 -0.6008616 0.6336248 0
-0.04255492 1.34694 -0.185541 1

0.2057381 0.2575213 0.9441158 0
0.663803 -0.7455989 0.05871946 0
-0.7190531 -0.614626 0.3243417 0
0.2452092 1.329355 0.04389165 1

-0.8242094 0.1583149 -0.5437054 0
0.1460642 -0.8682043 -0.4742223 0
0.5471237 0.4702744 -0.6924579 0
-0.1442664 0.07159197 -0.1216718 1

-0.650251 0.0007071942 -0.759719 0
0.7596846 -0.008991671 -0.65023 0
0.007290974 0.9999593 -0.005309567 0
0.07692073 0.000459373 -0.03259393 1

0.9349991 -0.2620053 0.2390186 0
0.3202876 0.9132276 -0.2518558 0
0.1522908 -0.3120396 -0.9377841 0
0.1349745 1.460826 -0.1081536 1

-0.4664108 0.3897029 -0.7940987 0
0.8810762 0.2843621 -0.3779463 0
-0.07852484 0.8759395 0.4759873 0
-0.06391886 1.13862 -0.3666581 1

0.2158078 -0.9093541 -0.3556722 0
-0.4272335 0.2395994 -0.8718166 0
-0.8780085 -0.3400994 0.3367991 0
0.4289964 1.122921 0.06014937 1

0.9349991 -0.2620053 0.2390186 0
0.3202876 0.9132276 -0.2518558 0
0.1522908 -0.3120396 -0.9377841 0
0.2724947 1.781659 -0.2948146 1

0.1522928 -0.3120402 -0.9377835 0
-0.9349988 0.2620046 -0.2390205 0
-0.3202876 -0.9132276 0.2518558 0
0.1603615 1.579364 -0.2904818 1

-0.1522745 0.3120372 0.9377875 0
0.9350016 -0.2620105 0.2390028 0
-0.3202879 -0.9132268 0.2518577 0
0.2555456 1.552691 -0.2661494 1

-0.5379443 -0.3434489 -0.7698433 0
0.8065726 0.0557861 -0.5884975 0
-0.2450651 0.9375132 -0.2470065 0
0.1818555 1.217943 -0.4720854 1

-0.1745274 -0.9355764 -0.306981 0
-0.04806718 0.3194895 -0.9463701 0
-0.9834785 0.150412 0.1007301 0
0.3098204 1.189757 -0.1830421 1

-0.7947412 -0.3261649 -0.5118624 0
0.3767492 0.3960986 -0.8373569 0
-0.4758642 0.8583256 0.1919137 0
0.1853451 1.224694 -0.507802 1

-0.5848598 -0.1854126 -0.789659 0
0.6885229 0.4011739 -0.6041492 0
-0.4288074 0.8970406 0.1069697 0
0.2541679 1.218734 -0.5515738 1

-0.5937853 -0.1753519 -0.7852838 0
0.6866422 0.3983459 -0.6081477 0
-0.4194543 0.9003181 0.116128 0
0.2667235 1.224336 -0.5334261 1

-0.5402997 -0.3212923 -0.7777194 0
0.6961286 0.3485699 -0.627618 0
-0.4727383 0.8804944 -0.03532833 0
0.2770415 1.232581 -0.5142542 1

-0.469749 -0.4698773 -0.747363 0
0.7811008 0.1732603 -0.5998857 0
-0.4113608 0.8655615 -0.2856324 0
0.2845671 1.241114 -0.4959858 1

0.1059047 -0.7032872 -0.7029734 0
-0.4425062 0.599759 -0.6666916 0
-0.8904901 -0.3816757 0.2476916 0
0.2986595 1.221442 -0.1973605 1

-0.1618924 -0.9654654 -0.2041265 0
-0.1577713 0.2295182 -0.9604323 0
-0.9741147 0.1232816 0.1894799 0
0.3059936 1.244354 -0.2755229 1

-0.09519117 -0.9901789 -0.1023971 0
-0.09402314 0.1113478 -0.9893237 0
-0.9910089 0.08454745 0.1036991 0
0.3043241 1.22274 -0.2824813 1

-0.3554675 -0.9327918 -0.05951966 0
-0.2802244 0.1671043 -0.945278 0
-0.8916936 0.3193369 0.3207911 0
0.2999432 1.200361 -0.287171 1

-0.4491668 -0.8900328 -0.07804479 0
-0.187181 0.1791565 -0.9658502 0
-0.8736206 0.4192194 0.2470683 0
0.2948599 1.179577 -0.2894862 1

-0.04806703 0.3194896 -0.9463702 0
0.1745274 0.9355764 0.3069812 0
-0.9834785 0.150412 0.1007301 0
0.277696 1.249604 -0.3080834 1

-0.6817429 -0.2174823 -0.6985186 0
0.5432879 0.4889476 -0.6824727 0
-0.4899648 0.8447676 0.2151813 0
0.2023513 1.242573 -0.5455998 1

-0.5559974 -0.1546841 -0.8166639 0
0.4287667 0.7883375 -0.4412296 0
-0.7120579 0.5954805 0.3719903 0
0.292376 1.240996 -0.5850997 1

-0.555085 -0.1185489 -0.8233023 0
0.2206626 0.9333403 -0.2831678 0
-0.8019905 0.3388541 0.4919242 0
0.3065858 1.247462 -0.5687315 1

-0.5020915 -0.2304791 -0.8335368 0
-0.1401938 0.9727764 -0.1845319 0
-0.8533758 -0.02420495 0.5207345 0
0.3147642 1.25147 -0.5482644 1

-0.4201502 -0.419757 -0.804536 0
0.2026269 0.8208047 -0.5340619 0
-0.8845432 0.3874068 0.2598075 0
0.3133466 1.247498 -0.5180885 1

0.2427803 -0.886943 -0.3929251 0
-0.3890219 0.2820322 -0.8769949 0
-0.8886618 -0.3657736 0.2765685 0
0.2786844 1.248516 -0.2274556 1

-0.1577265 -0.9692525 -0.1888714 0
-0.3520351 0.2338898 -0.9062932 0
-0.9226017 0.07645723 0.3781014 0
0.2972384 1.25709 -0.3288202 1

0.009677619 -0.9993499 -0.03473298 0
-0.9482765 -0.0201936 0.3168032 0
0.3172986 -0.02987073 0.9478554 0
0.2988656 1.229204 -0.3399153 1

-0.2329945 -0.9721195 -0.02641601 0
-0.7219875 0.1547182 0.6743863 0
0.6514967 -0.1762004 0.7379063 0
0.284758 1.209416 -0.3383953 1

-0.3522882 -0.9356974 -0.0190651 0
-0.892217 0.3296282 0.3086981 0
0.2825636 -0.1257611 0.9509692 0
0.2879632 1.186178 -0.3250727 1

-0.7989866 -0.4663485 -0.3796575 0
0.3871692 0.08415127 -0.9181607 0
-0.4601315 0.8805897 -0.1133198 0
0.2304863 1.267894 -0.5809428 1

-0.5432321 -0.1087602 -0.8325081 0
0.0631686 0.9834693 -0.169701 0
-0.837203 0.1447753 0.5273819 0
0.306916 1.26773 -0.6000624 1

-0.5605958 -0.04349487 -0.8269466 0
-0.3562439 0.9141551 0.19342 0
-0.7475448 -0.4030251 0.5279663 0
0.3147106 1.281827 -0.5791578 1

-0.5937481 -0.06673749 -0.8018787 0
-0.4815428 0.8278714 0.2876558 0
-0.6446551 -0.5569341 0.5236839 0
0.3095379 1.287734 -0.5551436 1

-0.422651 -0.3676867 -0.8283553 0
-0.2710274 0.9234557 -0.2716132 0
-0.8648182 -0.1097094 0.4899526 0
0.3190509 1.270605 -0.5331233 1

0.2950291 -0.9529493 0.06961352 0
-0.02363208 -0.08011173 -0.996506 0
-0.9551961 -0.292353 0.04615533 0
0.258539 1.263121 -0.2728705 1

-0.1294187 -0.9796743 -0.1532629 0
-0.8096319 0.1936371 -0.5540769 0
-0.5724921 -0.05237874 0.8182356 0
0.2853006 1.265022 -0.3595535 1

0.06423073 -0.9918723 -0.1098367 0
-0.003840089 -0.1103089 0.9938903 0
0.9979278 0.06341631 0.01089406 0
0.2639503 1.22846 -0.3282507 1

-0.2172251 -0.9680102 -0.1255787 0
0.4795764 -0.2178907 0.8500179 0
0.8501883 -0.1244208 -0.5115662 0
0.2578425 1.215184 -0.3132544 1

-0.2965557 -0.9491054 -0.1060852 0
0.05312961 -0.1273062 0.9904395 0
0.9535367 -0.2880844 -0.08817908 0
0.2628458 1.195457 -0.3163823 1

-0.7989866 -0.4663485 -0.3796575 0
0.3871692 0.08415127 -0.9181607 0
-0.4601315 0.8805897 -0.1133198 0
0.2426181 1.270531 -0.6097128 1

-0.5432321 -0.1087602 -0.8325081 0
0.0631686 0.9834693 -0.169701 0
-0.837203 0.1447753 0.5273819 0
0.3085522 1.293204 -0.6044581 1

-0.5605958 -0.04349487 -0.8269466 0
-0.3562439 0.9141551 0.19342 0
-0.7475448 -0.4030251 0.5279663 0
0.3076034 1.300065 -0.575299 1

-0.5937481 -0.06673749 -0.8018787 0
-0.4815428 0.8278714 0.2876558 0
-0.6446551 -0.5569341 0.5236839 0
0.3014458 1.301646 -0.5503097 1

-0.422651 -0.3676867 -0.8283553 0
-0.2710274 0.9234557 -0.2716132 0
-0.8648182 -0.1097094 0.4899526 0
0.313215 1.290489 -0.5389718 1

0.2950291 -0.9529493 0.06961352 0
-0.02363208 -0.08011173 -0.996506 0
-0.9551961 -0.292353 0.04615533 0
0.2577984 1.26061 -0.3040996 1

-0.1294187 -0.9796743 -0.1532629 0
-0.8096319 0.1936371 -0.5540769 0
-0.5724921 -0.05237874 0.8182356 0
0.2643292 1.270038 -0.3739053 1

0.06423073 -0.9918723 -0.1098367 0
-0.003840089 -0.1103089 0.9938903 0
0.9979278 0.06341631 0.01089406 0
0.2638737 1.22626 -0.3084216 1

-0.2172251 -0.9680102 -0.1255787 0
0.4795764 -0.2178907 0.8500179 0
0.8501883 -0.1244208 -0.5115662 0
0.2659016 1.211522 -0.2989703 1

-0.2965557 -0.9491054 -0.1060852 0
0.05312961 -0.1273062 0.9904395 0
0.9535367 -0.2880844 -0.08817908 0
0.2639898 1.192716 -0.2950555 1

0.7340081 -0.1125575 0.6697484 0
0.1039329 0.9931708 0.05300691 0
0.6711409 -0.03070137 -0.7406938 0
0.00096888 0.8825657 -0.002091953 1

0.7673969 -0.05666916 0.6386631 0
0.211899 0.9625324 -0.1692046 0
0.6051452 -0.2651792 -0.7506526 0
0.02114271 0.9737146 -0.008883213 1

-0.7563189 0.1488575 -0.6370428 0
0.4480041 -0.5917569 -0.6701613 0
0.4767329 0.7922534 -0.3808681 0
-0.07314587 0.8609 -0.06834911 1

-0.6477507 0.08322272 -0.7572933 0
-0.03362662 -0.9961703 -0.08071156 0
0.76111 0.02681577 -0.6480683 0
0.06827977 0.8392136 0.0606952 1

0.7849109 -0.05417599 0.6172357 0
0.2094474 0.9607292 -0.1820197 0
0.5831353 -0.2721477 -0.7654338 0
0.05558662 1.130173 -0.03638721 1

-0.8146076 0.09610927 -0.5719945 0
-0.4622264 -0.7032984 0.5401095 0
0.3503733 -0.7043682 -0.6173365 0
0.1142745 0.6133413 -0.3487079 1

-0.6847127 0.09724937 -0.7222959 0
-0.5444756 -0.7270554 0.4182547 0
0.4844739 -0.6796567 -0.5507738 0
0.05421223 0.4224705 0.0269299 1

0.8003848 -0.05457982 0.5969967 0
0.3060819 0.8934689 -0.328675 0
0.5154591 -0.4457965 -0.7318249 0
0.08428245 1.2618 -0.06132524 1

-0.7692802 0.0938798 -0.6319768 0
-0.1715109 -0.9831838 0.06272192 0
0.6154609 -0.1566418 -0.7724451 0
-0.06573132 0.3394541 -0.1383719 1

-0.7265223 0.02130524 -0.6868128 0
0.2743139 -0.9074265 -0.3183227 0
0.6300138 0.4196708 -0.6534211 0
-0.1578246 0.139331 0.1898121 1

0.8371328 -0.06663719 0.5429254 0
0.2700223 0.9135302 -0.3042212 0
0.4757064 -0.4012756 -0.7827398 0
0.1043147 1.405201 -0.0750719 1

0.5725647 -0.608768 -0.5491553 0
-0.7380454 -0.09104342 -0.6685806 0
-0.3570136 -0.7881071 0.5014266 0
0.04673297 1.373081 -0.1037283 1

-0.3393759 0.5009544 0.7961586 0
0.8465548 -0.206332 0.4906852 0
-0.4100839 -0.8405187 0.3540613 0
0.1450884 1.366376 -0.03036721 1

-0.8466376 0.1226224 -0.5178502 0
0.2904254 -0.7089445 -0.6426907 0
0.4459351 0.6945227 -0.5646062 0
-0.09180095 0.1900102 -0.1288382 1

-0.6483798 0.0004394501 -0.7613171 0
0.7611008 0.02421692 -0.6481817 0
-0.01815183 0.9997069 0.01603618 0
-0.1161289 0.001402259 0.1414271 1

0.8371328 -0.06663719 0.5429254 0
0.2700223 0.9135302 -0.3042212 0
0.4757064 -0.4012756 -0.7827398 0
0.1204431 1.441129 -0.09553035 1

0.8641688 0.2917517 -0.4099919 0
-0.0597513 -0.7495073 -0.659294 0
0.499642 -0.5942388 0.6302682 0
-0.04527175 1.361732 -0.1870736 1

0.2222242 0.2538063 0.9413813 0
0.6484386 -0.7595093 0.05170009 0
-0.7281097 -0.598939 0.3333592 0
0.2506196 1.340655 0.03080142 1

-0.8466376 0.1226224 -0.5178502 0
0.2904254 -0.7089445 -0.6426907 0
0.4459351 0.6945227 -0.5646062 0
-0.03807227 0.05885547 -0.2477359 1

-0.6483798 0.0004394501 -0.7613171 0
0.7611008 0.02421692 -0.6481817 0
-0.01815183 0.9997069 0.01603618 0
0.0246748 0.005882442 0.02151348 1

0.9336116 -0.2728539 0.2322072 0
0.329504 0.9083881 -0.2574065 0
0.1407001 -0.3168309 -0.9379882 0
0.1353998 1.474469 -0.1145001 1

-0.4866925 0.4092494 -0.7717807 0
0.8729912 0.2601021 -0.4125936 0
-0.03188796 0.8745639 0.483861 0
-0.06181512 1.154216 -0.3696123 1

0.2034798 -0.9103379 -0.36039 0
-0.4315786 0.2470037 -0.8675997 0
-0.8788263 -0.3320757 0.3426222 0
0.4301528 1.130369 0.0451156 1

0.9336116 -0.2728539 0.2322072 0
0.329504 0.9083881 -0.2574065 0
0.1407001 -0.3168309 -0.9379882 0
0.2753485 1.792985 -0.3033118 1

0.140702 -0.3168315 -0.9379876 0
-0.9336113 0.2728532 -0.2322092 0
-0.329504 -0.9083881 0.2574065 0
0.1607555 1.592113 -0.2974107 1

-0.1406838 0.3168283 0.9379915 0
0.9336139 -0.2728591 0.2321916 0
-0.3295044 -0.9083875 0.2574085 0
0.2557982 1.564336 -0.2737717 1

-0.5373452 -0.346315 -0.7689774 0
0.8075229 0.05170477 -0.5875656 0
-0.2432424 0.9366924 -0.2518739 0
0.1817039 1.226771 -0.4847044 1

-0.1774712 -0.9355941 -0.305234 0
-0.04954201 0.3182578 -0.9467089 0
-0.9828782 0.1528917 0.1028328 0
0.3097648 1.19927 -0.1968996 1

-0.794494 -0.3273923 -0.5114623 0
0.3785964 0.3914814 -0.8386939 0
-0.4748097 0.8599748 0.1870802 0
0.1852566 1.233344 -0.5204478 1

-0.5839854 -0.1883033 -0.7896221 0
0.690034 0.3971955 -0.6050528 0
-0.4275678 0.8982081 0.1020207 0
0.2541344 1.227068 -0.5640887 1

-0.5929018 -0.1782079 -0.7853086 0
0.6881548 0.3943515 -0.6090404 0
-0.4182231 0.9015148 0.1111771 0
0.2666719 1.232737 -0.5459495 1

-0.5396544 -0.3241929 -0.7769634 0
0.6975925 0.3444676 -0.6282572 0
-0.4713151 0.8810454 -0.04026094 0
0.2769745 1.241058 -0.5268023 1

-0.46938 -0.4727391 -0.7457885 0
0.7822509 0.169162 -0.5995567 0
-0.4095928 0.8648133 -0.2903992 0
0.2844866 1.249668 -0.5085641 1

0.1025762 -0.7045349 -0.702217 0
-0.4426535 0.5998612 -0.6665018 0
-0.8908064 -0.379206 0.2503336 0
0.2986453 1.230962 -0.2112368 1

-0.1646646 -0.9653668 -0.2023669 0
-0.1594921 0.2285274 -0.960384 0
-0.9733694 0.1258652 0.1915987 0
0.3058493 1.253745 -0.2894488 1

-0.0977823 -0.9900941 -0.1007599 0
-0.09609303 0.110165 -0.9892572 0
-0.9905579 0.08704951 0.1059134 0
0.3041121 1.232125 -0.2963725 1

-0.3578197 -0.9320279 -0.05735119 0
-0.2820571 0.1664264 -0.9448524 0
-0.8901735 0.3219106 0.3224358 0
0.299667 1.209749 -0.30102 1

-0.4514607 -0.8890728 -0.07571639 0
-0.1890339 0.1782283 -0.9656608 0
-0.8720376 0.4216449 0.2485282 0
0.294529 1.188974 -0.3032934 1

-0.04954198 0.3182578 -0.9467089 0
0.1774712 0.9355941 0.3052342 0
-0.9828782 0.1528917 0.1028328 0
0.2774875 1.259016 -0.32195 1

-0.6810521 -0.2197841 -0.6984717 0
0.5450512 0.4848165 -0.6840121 0
-0.4889654 0.8465508 0.2103919 0
0.2023461 1.251016 -0.558306 1

-0.5550355 -0.1577499 -0.8167316 0
0.4306412 0.7855405 -0.444381 0
-0.7116768 0.5983656 0.3680694 0
0.2924263 1.249109 -0.5976648 1

-0.5540573 -0.1216484 -0.8235425 0
0.2225309 0.9316242 -0.2873262 0
-0.8021849 0.3424587 0.4891029 0
0.3066221 1.255631 -0.5813069 1

-0.5012229 -0.2337085 -0.8331603 0
-0.1384085 0.9720932 -0.1894147 0
-0.8541772 -0.02037735 0.5195827 0
0.3147767 1.259725 -0.5608471 1

-0.4196189 -0.4229714 -0.8031284 0
0.2046891 0.817911 -0.5377026 0
-0.8843204 0.3900218 0.2566335 0
0.3133085 1.2559 -0.5306546 1

0.2397467 -0.8880749 -0.3922305 0
-0.39042 0.2817095 -0.8764769 0
-0.8888722 -0.3632672 0.2791834 0
0.2786636 1.25804 -0.2413233 1

-0.1604716 -0.9691421 -0.1871162 0
-0.3536168 0.2334377 -0.9057936 0
-0.9215227 0.07918666 0.380165 0
0.2969986 1.266426 -0.3427434 1

0.007223859 -0.9994184 -0.03333002 0
-0.9475713 -0.01748984 0.3190653 0
0.3194627 -0.02927778 0.9471467 0
0.2985335 1.23852 -0.3538026 1

-0.2353626 -0.9715993 -0.02448015 0
-0.7200246 0.1573916 0.6758643 0
0.6528162 -0.1766996 0.7366195 0
0.2843825 1.218768 -0.3522211 1

-0.3545519 -0.9348837 -0.01690008 0
-0.8907013 0.3321859 0.3103293 0
0.2845077 -0.1250808 0.950479 0
0.287564 1.195541 -0.3388729 1

-0.799152 -0.4669314 -0.3785914 0
0.3886495 0.07913324 -0.9179814 0
-0.4585936 0.880746 -0.1182331 0
0.2305727 1.276123 -0.5937287 1

-0.5421757 -0.1119226 -0.8327779 0
0.06494842 0.9825424 -0.1743347 0
-0.8377513 0.1486075 0.5254412 0
0.3070298 1.275748 -0.6127343 1

-0.5594457 -0.04660439 -0.8275557 0
-0.355105 0.9156256 0.1884949 0
-0.7489465 -0.399322 0.5287924 0
0.3148157 1.289933 -0.5918861 1

-0.592671 -0.06967472 -0.8024254 0
-0.4806765 0.8299905 0.2829593 0
-0.6462903 -0.5534089 0.5254024 0
0.3096168 1.295964 -0.5679083 1

-0.4220038 -0.3710127 -0.8272016 0
-0.2691903 0.9225568 -0.2764513 0
-0.8657075 -0.1060113 0.4891955 0
0.3190708 1.278926 -0.5457919 1

0.2929301 -0.9535475 0.07027742 0
-0.02617362 -0.08147112 -0.996332 0
-0.9557755 -0.2900163 0.04882303 0
0.2584458 1.272628 -0.2867114 1

-0.1321047 -0.9795804 -0.1515599 0
-0.8104752 0.194773 -0.552443 0
-0.5706821 -0.04985533 0.8196563 0
0.2850071 1.274343 -0.3734597 1

0.0616171 -0.9921771 -0.1085726 0
-0.00175643 -0.108887 0.9940529 0
0.9980984 0.06105993 0.008451909 0
0.2636441 1.237876 -0.3420546 1

-0.2198176 -0.9676684 -0.1236855 0
0.4810625 -0.2178218 0.8491952 0
0.8486809 -0.1271675 -0.5133901 0
0.2575402 1.224636 -0.3270251 1

-0.2990568 -0.9485475 -0.1040322 0
0.05516455 -0.1260246 0.9904922 0
0.9526396 -0.2904746 -0.09001476 0
0.2624893 1.204893 -0.3301367 1

-0.799152 -0.4669314 -0.3785914 0
0.3886495 0.07913324 -0.9179814 0
-0.4585936 0.880746 -0.1182331 0
0.2427507 1.278602 -0.6224931 1

-0.5421757 -0.1119226 -0.8327779 0
0.06494842 0.9825424 -0.1743347 0
-0.8377513 0.1486075 0.5254412 0
0.3087122 1.301198 -0.61725 1

-0.5594457 -0.04660439 -0.8275557 0
-0.355105 0.9156256 0.1884949 0
-0.7489465 -0.399322 0.5287924 0
0.3077312 1.308201 -0.5881256 1

-0.592671 -0.06967472 -0.8024254 0
-0.4806765 0.8299905 0.2829593 0
-0.6462903 -0.5534089 0.5254024 0
0.3015392 1.309912 -0.5631534 1

-0.4220038 -0.3710127 -0.8272016 0
-0.2691903 0.9225568 -0.2764513 0
-0.8657075 -0.1060113 0.4891955 0
0.3132745 1.298791 -0.5517446 1

0.2929301 -0.9535475 0.07027742 0
-0.02617362 -0.08147112 -0.996332 0
-0.9557755 -0.2900163 0.04882303 0
0.2576256 1.270075 -0.317935 1

-0.1321047 -0.9795804 -0.1515599 0
-0.8104752 0.194773 -0.552443 0
-0.5706821 -0.04985533 0.8196563 0
0.2640139 1.279388 -0.3877693 1

0.0616171 -0.9921771 -0.1085726 0
-0.00175643 -0.108887 0.9940529 0
0.9980984 0.06105993 0.008451909 0
0.2636091 1.235704 -0.3222224 1

-0.2198176 -0.9676684 -0.1236855 0
0.4810625 -0.2178218 0.8491952 0
0.8486809 -0.1271675 -0.5133901 0
0.2656243 1.220975 -0.3127548 1

-0.2990568 -0.9485475 -0.1040322 0
0.05516455 -0.1260246 0.9904922 0
0.9526396 -0.2904746 -0.09001476 0
0.2636771 1.202179 -0.3088087 1

0.7503681 -0.1169005 0.6506013 0
0.1259692 0.9914896 0.03286567 0
0.6489064 -0.05729435 -0.758708 0
0.003494869 0.8984781 -0.004345528 1

0.7859987 -0.05594682 0.6156915 0
0.2043589 0.9634262 -0.173342 0
0.5834752 -0.2620687 -0.768685 0
0.02535116 0.9890525 -0.01327919 1

-0.7857605 0.1164973 -0.6074611 0
0.4530857 -0.5601547 -0.6934986 0
0.4210628 0.8201556 -0.3873641 0
-0.07291728 0.8772859 -0.06809881 1

-0.7108126 0.1113176 -0.6945171 0
-0.1938693 -0.9801569 0.04131796 0
0.6761363 -0.1640149 -0.7182889 0
0.07166054 0.8547626 0.0572563 1

0.8024931 -0.0581319 0.5938229 0
0.2076722 0.9602264 -0.1866478 0
0.5593542 -0.2731041 -0.7826475 0
0.05856944 1.145656 -0.04145571 1

-0.8195415 0.03338468 -0.5720466 0
-0.3056526 -0.8698909 0.3871258 0
0.484694 -0.4921134 -0.7231157 0
0.116629 0.6429478 -0.3582207 1

-0.7257885 0.1136093 -0.6784719 0
-0.4957902 -0.7701033 0.4014138 0
0.4768889 -0.6277213 -0.6152585 0
-0.009443757 0.4447186 0.07454146 1

0.8171054 -0.0634546 0.5729854 0
0.3053139 0.8907201 -0.3367509 0
0.4890012 -0.4501014 -0.7471857 0
0.08702205 1.277214 -0.06702783 1

-0.7865253 0.02088188 -0.617205 0
0.04451787 -0.9949109 -0.09039145 0
0.6159514 0.0985716 -0.781593 0
-0.002402031 0.3041842 -0.2074614 1

-0.7270171 0.02785586 -0.6860541 0
0.2038558 -0.9453662 -0.2544123 0
0.6556593 0.3248181 -0.6816188 0
-0.2025209 0.144815 0.2308653 1

0.8488079 -0.08132558 0.522409 0
0.2764241 0.9105521 -0.3073834 0
0.4506825 -0.4053159 -0.7953643 0
0.1080998 1.420422 -0.08122639 1

0.5566165 -0.6067514 -0.5674775 0
-0.7552513 -0.08501451 -0.6498985 0
-0.3460831 -0.7903324 0.5055703 0
0.04937061 1.388924 -0.1081956 1

-0.2943449 0.5048182 0.8114921 0
0.8640504 -0.2222682 0.4516788 0
-0.4083846 -0.8341196 0.370765 0
0.1497808 1.381128 -0.03778514 1

-0.8652613 0.01463396 -0.5011078 0
0.4207427 -0.522289 -0.7417479 0
0.2725777 0.8526431 -0.4457592 0
0.004364683 0.1529577 -0.2212009 1

-0.6448178 0.0009676442 -0.7643358 0
0.7642432 0.01643264 -0.644719 0
-0.01193612 0.9998646 0.01133551 0
-0.1715348 0.001119316 0.1921947 1

0.8488079 -0.08132558 0.522409 0
0.2764241 0.9105521 -0.3073834 0
0.4506825 -0.4053159 -0.7953643 0
0.124274 1.456183 -0.1019391 1

0.8571472 0.3097237 -0.411546 0
-0.05204208 -0.7428412 -0.6674421 0
0.5124357 -0.5935137 0.6206055 0
-0.04477898 1.378326 -0.1892119 1

0.2393419 0.2422567 0.9402273 0
0.6296816 -0.7758428 0.03961167 0
-0.7390647 -0.582563 0.3382363 0
0.2574929 1.35342 0.01852096 1

-0.8652613 0.01463396 -0.5011078 0
0.4207427 -0.522289 -0.7417479 0
0.2725777 0.8526431 -0.4457592 0
0.08220213 0.05633408 -0.3584243 1

-0.6448178 0.0009676442 -0.7643358 0
0.7642432 0.01643264 -0.644719 0
-0.01193612 0.9998646 0.01133551 0
-0.03014982 0.004159451 0.07292166 1

0.9319713 -0.2840267 0.2252958 0
0.3383591 0.9045965 -0.2592651 0
0.1301636 -0.3178585 -0.939161 0
0.1392738 1.489368 -0.1211446 1

-0.5052879 0.4088759 -0.7599373 0
0.8629096 0.2480224 -0.440309 0
-0.008449644 0.87824 0.4781457 0
-0.05918791 1.172656 -0.3740066 1

0.1902429 -0.9050528 -0.3803783 0
-0.4384246 0.2683497 -0.857772 0
-0.8784029 -0.3299519 0.3457458 0
0.4318329 1.138613 0.02948827 1

0.9319713 -0.2840267 0.2252958 0
0.3383591 0.9045965 -0.2592651 0
0.1301636 -0.3178585 -0.939161 0
0.2816131 1.80633 -0.3107819 1

0.1301655 -0.3178592 -0.9391606 0
-0.9319711 0.2840261 -0.2252979 0
-0.3383591 -0.9045965 0.2592651 0
0.1646975 1.606824 -0.3041667 1

-0.1301472 0.3178557 0.9391641 0
0.9319735 -0.284032 0.2252801 0
-0.3383594 -0.9045959 0.2592671 0
0.2595733 1.577909 -0.2812313 1

-0.5358379 -0.347591 -0.7694533 0
0.808506 0.05137365 -0.5862411 0
-0.2433016 0.9362379 -0.2535015 0
0.1815189 1.241841 -0.4968299 1

-0.1779678 -0.9347452 -0.3075378 0
-0.04904145 0.3205636 -0.9459569 0
-0.9828137 0.1532679 0.102891 0
0.3095351 1.213468 -0.2097855 1

-0.7934397 -0.328472 -0.5124059 0
0.3798336 0.3905991 -0.8385456 0
-0.475584 0.8599643 0.185152 0
0.1851296 1.248371 -0.5325756 1

-0.5825257 -0.1896308 -0.7903821 0
0.6908655 0.3967795 -0.6043766 0
-0.4282158 0.8981127 0.1001248 0
0.2540857 1.242074 -0.5760896 1

-0.5914548 -0.1795346 -0.7860972 0
0.6889946 0.3939289 -0.6083637 0
-0.4188886 0.9014363 0.1092927 0
0.266589 1.247774 -0.5579363 1

-0.5381451 -0.3254804 -0.7774718 0
0.6984917 0.3440255 -0.6274998 0
-0.471709 0.8807433 -0.04220971 0
0.2768543 1.256125 -0.5387821 1

-0.4678461 -0.4739491 -0.7459841 0
0.7831928 0.1688019 -0.5984271 0
-0.4095476 0.8642212 -0.2922202 0
0.2843304 1.264762 -0.5205421 1

0.1023513 -0.7029104 -0.7038763 0
-0.442063 0.6017423 -0.6651972 0
-0.8911257 -0.3792411 0.2491413 0
0.2984403 1.245201 -0.22405 1

-0.1652124 -0.9647733 -0.2047386 0
-0.159044 0.2309362 -0.9598824 0
-0.97335 0.1260221 0.1915948 0
0.3056834 1.268167 -0.3022048 1

-0.0983779 -0.9897869 -0.1031701 0
-0.0957109 0.1126033 -0.9890199 0
-0.990536 0.08742326 0.105811 0
0.3039347 1.246565 -0.3091809 1

-0.3583923 -0.9316603 -0.05970377 0
-0.2816533 0.1688758 -0.9445385 0
-0.8900713 0.3216996 0.3229288 0
0.2994769 1.224204 -0.3138836 1

-0.4520002 -0.8886018 -0.07799508 0
-0.1886164 0.1806687 -0.9652892 0
-0.8718487 0.4215998 0.2492667 0
0.2943264 1.203438 -0.3162085 1

-0.04904145 0.3205637 -0.9459571 0
0.1779678 0.9347453 0.3075379 0
-0.9828137 0.1532679 0.102891 0
0.2773353 1.273535 -0.3347022 1

-0.6797326 -0.2210454 -0.6993585 0
0.5459728 0.4842215 -0.6836985 0
-0.4897728 0.8465628 0.2084567 0
0.2022751 1.266002 -0.5704269 1

-0.5535454 -0.1590971 -0.8174814 0
0.430992 0.7851942 -0.444653 0
-0.7126245 0.5984635 0.3660709 0
0.2924238 1.264093 -0.6096283 1

-0.5525743 -0.123004 -0.8243371 0
0.2225346 0.9313701 -0.2881454 0
-0.8032062 0.3426652 0.4872789 0
0.3065879 1.270643 -0.5932543 1

-0.4996645 -0.2350484 -0.8337193 0
-0.138594 0.9717746 -0.1909076 0
-0.8550597 -0.02015875 0.5181375 0
0.3147051 1.274768 -0.572786 1

-0.4180128 -0.4242291 -0.8033026 0
0.2051839 0.8173247 -0.5384052 0
-0.884966 0.3898849 0.2546071 0
0.3131869 1.270981 -0.542591 1

0.2393077 -0.8872815 -0.3942887 0
-0.3899648 0.2840629 -0.8759203 0
-0.8891906 -0.3633731 0.2780301 0
0.2784852 1.272364 -0.2540776 1

-0.1610268 -0.968588 -0.1894957 0
-0.3531829 0.2358384 -0.9053413 0
-0.9215925 0.07885755 0.3800648 0
0.2968576 1.280983 -0.3554716 1

0.006601043 -0.9993399 -0.03572991 0
-0.947683 -0.01765516 0.3187247 0
0.3191451 -0.03175678 0.947174 0
0.2983783 1.253102 -0.3665973 1

-0.2359706 -0.9713883 -0.02688938 0
-0.7201381 0.1562237 0.6760145 0
0.6524717 -0.1788837 0.7363979 0
0.2842143 1.233355 -0.3650678 1

-0.355139 -0.9346153 -0.0192586 0
-0.8905885 0.3320043 0.3108471 0
0.2841285 -0.1275454 0.9502652 0
0.2873769 1.210094 -0.3517745 1

-0.7982531 -0.4678422 -0.3793631 0
0.3901877 0.07815418 -0.9174123 0
-0.4588531 0.8803499 -0.1201595 0
0.2305492 1.291078 -0.6058336 1

-0.5406821 -0.1132839 -0.8335646 0
0.06473097 0.9823508 -0.1754913 0
-0.8387328 0.1488424 0.5238062 0
0.3070392 1.29072 -0.6247069 1

-0.5579956 -0.04796807 -0.8284566 0
-0.3559113 0.9156803 0.1867009 0
-0.7496456 -0.3990353 0.5280176 0
0.3147817 1.304936 -0.6038638 1

-0.5912517 -0.07102355 -0.8033537 0
-0.4816 0.8301008 0.2810596 0
-0.6469026 -0.5530722 0.5250034 0
0.3095384 1.310995 -0.5799028 1

-0.4203835 -0.3723029 -0.8274469 0
-0.2691997 0.9220569 -0.2781051 0
-0.8664926 -0.1058378 0.4878411 0
0.3189632 1.29399 -0.5577481 1

0.2923036 -0.9538997 0.06807725 0
-0.02591068 -0.07905971 -0.9965334 0
-0.9559746 -0.2895263 0.04782549 0
0.258291 1.287074 -0.2994369 1

-0.1326776 -0.9791296 -0.1539556 0
-0.8101774 0.1966146 -0.552228 0
-0.5709724 -0.05146298 0.8193548 0
0.2848808 1.28898 -0.3861726 1

0.06102262 -0.9919525 -0.1109378 0
-0.002139181 -0.1112748 0.9937878 0
0.9981341 0.06040607 0.008912414 0
0.2634848 1.252452 -0.3548619 1

-0.2203918 -0.967229 -0.1260801 0
0.4806564 -0.2201674 0.8488206 0
0.8487622 -0.1264718 -0.5134277 0
0.2573678 1.239179 -0.3398663 1

-0.2996251 -0.948105 -0.1064058 0
0.05477196 -0.1284398 0.9902039 0
0.9524838 -0.2908619 -0.09041315 0
0.2623053 1.219441 -0.3430236 1

-0.7982531 -0.4678422 -0.3793631 0
0.3901877 0.07815418 -0.9174123 0
-0.4588531 0.8803499 -0.1201595 0
0.2427756 1.293527 -0.6345803 1

-0.5406821 -0.1132839 -0.8335646 0
0.06473097 0.9823508 -0.1754913 0
-0.8387328 0.1488424 0.5238062 0
0.3087159 1.316165 -0.6292527 1

-0.5579956 -0.04796807 -0.8284566 0
-0.3559113 0.9156803 0.1867009 0
-0.7496456 -0.3990353 0.5280176 0
0.3076811 1.323204 -0.6001391 1

-0.5912517 -0.07102355 -0.8033537 0
-0.4816 0.8301008 0.2810596 0
-0.6469026 -0.5530722 0.5250034 0
0.3014452 1.324944 -0.5751796 1

-0.4203835 -0.3723029 -0.8274469 0
-0.2691997 0.9220569 -0.2781051 0
-0.8664926 -0.1058378 0.4878411 0
0.3131666 1.313845 -0.5637364 1

0.2923036 -0.9538997 0.06807725 0
-0.02591068 -0.07905971 -0.9965334 0
-0.9559746 -0.2895263 0.04782549 0
0.257479 1.284596 -0.3306669 1

-0.1326776 -0.9791296 -0.1539556 0
-0.8101774 0.1966146 -0.552228 0
-0.5709724 -0.05146298 0.8193548 0
0.2638953 1.294073 -0.4004766 1

0.06102262 -0.9919525 -0.1109378 0
-0.002139181 -0.1112748 0.9937878 0
0.9981341 0.06040607 0.008912414 0
0.2634421 1.250232 -0.335035 1

-0.2203918 -0.967229 -0.1260801 0
0.4806564 -0.2201674 0.8488206 0
0.8487622 -0.1264718 -0.5134277 0
0.2654449 1.235479 -0.3256021 1

-0.2996251 -0.948105 -0.1064058 0
0.05477196 -0.1284398 0.9902039 0
0.9524838 -0.2908619 -0.09041315 0
0.2634847 1.216675 -0.3217019 1

0.76324 -0.1186702 0.6351236 0
0.1465666 0.9891626 0.00868915 0
0.6292717 -0.08645598 -0.7723616 0
0.004885747 0.9128221 -0.00552754 1

0.7987922 -0.06010808 0.5985967 0
0.1992464 0.9652747 -0.1689545 0
0.5676548 -0.2542277 -0.7830303 0
0.02833276 1.002722 -0.01690713 1

-0.8032093 0.08090591 -0.5901772 0
0.4418755 -0.5835098 -0.6813681 0
0.3995009 0.808066 -0.4329302 0
-0.07344067 0.8918765 -0.06699837 1

-0.7088206 0.09890106 -0.698421 0
-0.2518833 -0.9603333 0.1196443 0
0.658884 -0.260727 -0.7056156 0
0.07361729 0.8690123 0.05537454 1

0.8144807 -0.0643186 0.5766145 0
0.209341 0.9594676 -0.1886747 0
0.5411077 -0.274381 -0.7949325 0
0.06072 1.159626 -0.04437048 1

-0.8194711 -0.005351856 -0.5730955 0
-0.1335577 -0.9706426 0.200039 0
0.5573415 -0.2404676 -0.7946988 0
0.1114159 0.6477679 -0.3520455 1

-0.7404033 0.109724 -0.6631469 0
-0.47311 -0.7858797 0.3981959 0
0.4774621 -0.6085669 -0.6337795 0
-0.03175689 0.4672614 0.1054272 1

0.8282891 -0.07190096 0.5556684 0
0.3096409 0.8852736 -0.3470058 0
0.4669686 -0.4594788 -0.755526 0
0.08940125 1.29108 -0.0702203 1

-0.7886618 -0.1109948 -0.6047255 0
0.3026234 -0.9262542 -0.2246608 0
0.5351933 0.3601854 -0.7640908 0
0.05940418 0.2697684 -0.2741439 1

-0.7096792 0.08870777 -0.6989179 0
-0.07052942 -0.9960033 -0.05479895 0
0.7009857 -0.01040454 -0.7130994 0
-0.2160016 0.1612138 0.2604978 1

0.8549502 -0.09671014 0.5096149 0
0.2887361 0.9049141 -0.3126687 0
0.4309195 -0.4144604 -0.8015803 0
0.1120388 1.43394 -0.0854788 1

0.5439609 -0.609139 -0.5771102 0
-0.7663478 -0.08049842 -0.6373625 0
-0.3417861 -0.7889674 0.5106004 0
0.05233921 1.40311 -0.1110524 1

-0.2546217 0.5128476 0.8198507 0
0.8752302 -0.2383399 0.4209114 0
-0.4112665 -0.8247312 0.3881732 0
0.1541237 1.394276 -0.04276992 1

-0.8581197 -0.1524835 -0.4902851 0
0.5131795 -0.2856878 -0.809339 0
0.01665765 0.9461138 -0.3234057 0
0.1054029 0.1289777 -0.3082922 1

-0.639975 -0.002930336 -0.7683902 0
0.7674928 -0.05090493 -0.6390333 0
0.03724224 0.9986991 -0.03482689 0
-0.2267221 0.009821296 0.2521684 1

0.8549502 -0.09671014 0.5096149 0
0.2887361 0.9049141 -0.3126687 0
0.4309195 -0.4144604 -0.8015803 0
0.1285642 1.469372 -0.1064785 1

0.8504059 0.3213812 -0.416562 0
-0.05370146 -0.7345949 -0.6763772 0
0.5233792 -0.5975651 0.6074455 0
-0.04319371 1.393075 -0.190506 1

0.2558718 0.2265861 0.939781 0
0.6093822 -0.7924777 0.02515566 0
-0.7504555 -0.5662491 0.3408504 0
0.2632295 1.364565 0.00970074 1

-0.8581197 -0.1524835 -0.4902851 0
0.5131795 -0.2856878 -0.809339 0
0.01665765 0.9461138 -0.3234057 0
0.2003412 0.07612562 -0.4580201 1

-0.639975 -0.002930336 -0.7683902 0
0.7674928 -0.05090493 -0.6390333 0
0.03724224 0.9986991 -0.03482689 0
