MeshAnim
1
30
69
60
0.9080502 0.07916098 -0.4113129 0
0.09503093 0.9174362 0.3863677 0
-0.4079386 0.3899287 -0.8255554 0
5.167424E-05 0.8636702 0.0004900706 1

0.9447057 -0.01893608 -0.3273721 0
0.05613772 0.9929324 0.1045641 0
-0.3230783 0.1171603 -0.939092 0
0.002385634 0.9544655 0.02311755 1

-0.8213181 -0.008899808 0.5704011 0
-0.3612068 -0.7658026 -0.5320489 0
-0.4415497 0.6430141 -0.6257529 0
-0.09053852 0.8260139 0.02746822 1

-0.959558 0.1310911 0.249126 0
-0.2257803 -0.8869485 -0.4029213 0
-0.1681425 0.442874 -0.8806763 0
0.08442081 0.8412669 -0.05178159 1

0.9840066 -0.04862644 -0.1713663 0
0.04157494 0.9981439 -0.04450209 0
-0.1732122 -0.03666575 -0.9842018 0
0.01151075 1.115865 0.04011431 1

-0.8027772 0.04114867 0.5948577 0
0.4360735 -0.6398891 0.6327572 0
-0.4066801 -0.7673647 -0.4957446 0
-0.2416477 0.5056439 -0.1951119 1

-0.9425085 -0.07184382 0.3263684 0
0.2091814 -0.8884608 0.4085103 0
-0.2606166 -0.4532946 -0.8524102 0
-0.0100333 0.4702161 -0.2203418 1

0.9994597 -0.02805054 -0.0171268 0
0.02019607 0.9353004 -0.3532781 0
-0.02592832 -0.3527412 -0.9353616 0
0.01720683 1.252618 0.03401721 1

-0.7928418 0.07829279 0.6043776 0
-0.04669213 -0.9966022 0.0678505 0
-0.6076363 -0.025575 -0.7938036 0
-0.0718266 0.2564504 0.05130418 1

-0.9511279 0.01647463 0.3083572 0
-0.1904916 -0.817237 -0.5439089 0
-0.2430402 0.5760664 -0.7804352 0
0.07142887 0.1242201 -0.0612544 1

0.9982293 -0.05741449 0.01555124 0
0.05944522 0.9722486 -0.2262718 0
0.002128363 -0.2267955 -0.9739401 0
0.02113849 1.397773 0.02571865 1

0.2812197 -0.1418153 -0.9491069 0
-0.9590366 -0.07669924 -0.2727016 0
0.03412256 -0.9869173 0.1575754 0
-0.04116134 1.363001 0.03456159 1

-0.3865428 0.4924508 0.779793 0
0.907608 0.05294091 0.4164674 0
-0.1638066 -0.8687287 0.4674164 0
0.08165687 1.359556 0.03245638 1

-0.6818786 0.05355143 0.7295026 0
-0.6222112 -0.5668082 -0.5399832 0
-0.3845711 0.8221075 -0.4198146 0
-0.07892379 0.1049669 0.06161741 1

-0.9796874 0.03173903 0.1980032 0
-0.1970558 0.03065168 -0.9799131 0
0.03717063 0.9990263 0.02377477 0
0.04247414 5.960464E-08 -0.1439285 1

0.9982293 -0.05741449 0.01555124 0
0.05944522 0.9722486 -0.2262718 0
0.002128363 -0.2267955 -0.9739401 0
0.02373815 1.437867 0.006870984 1

0.8018917 0.558101 -0.2132911 0
0.1013203 -0.4788464 -0.8720323 0
0.5888157 -0.6776646 0.4405299 0
-0.1607148 1.35344 0.000566588 1

0.5468592 0.1647788 0.8208491 0
0.4820448 -0.863593 -0.1477843 0
-0.6845277 -0.4765031 0.5516946 0
0.1947989 1.366156 0.08437302 1

-0.6818786 0.05355143 0.7295026 0
-0.6222112 -0.5668082 -0.5399832 0
-0.3845711 0.8221075 -0.4198146 0
-0.1940329 0.0001072884 -0.03827945 1

-0.9796874 0.03173903 0.1980032 0
-0.1970558 0.03065168 -0.9799131 0
0.03717063 0.9990263 0.02377477 0
0.006018811 0.005670667 -0.3252124 1

0.9852964 -0.1651156 0.04390639 0
0.1708093 0.9461116 -0.2751312 0
-0.0038881 -0.2785853 -0.9604036 0
0.02615004 1.475068 -0.01060156 1

-0.6945632 0.5229089 -0.4941138 0
0.6226065 0.0927586 -0.7770179 0
0.3604765 0.8473266 0.3899932 0
-0.1326623 1.220862 -0.240873 1

0.2108048 -0.8605242 -0.4637455 0
-0.5796637 0.2719544 -0.768135 0
-0.787116 -0.4307426 0.4414854 0
0.3282627 1.127053 0.04345597 1

0.9852964 -0.1651156 0.04390639 0
0.1708093 0.9461116 -0.2751312 0
-0.0038881 -0.2785853 -0.9604036 0
0.09128411 1.811729 -0.2083518 1

-0.003885984 -0.2785857 -0.9604035 0
-0.9852965 0.165115 -0.04390842 0
-0.1708093 -0.9461116 0.2751312 0
0.003184897 1.598624 -0.1898945 1

0.003904939 0.2785847 0.9604037 0
0.9852963 -0.1651202 0.04389039 0
-0.1708093 -0.9461108 0.2751333 0
0.1034892 1.581815 -0.1854248 1

-0.5681376 -0.2880464 -0.7708756 0
0.8086569 -0.02168088 -0.5878811 0
-0.1526238 0.9573711 -0.2452484 0
0.04101249 1.246737 -0.4576205 1

-0.2684316 -0.9129797 -0.307266 0
-0.01991725 0.324165 -0.9457913 0
-0.9630929 0.2477606 0.1052003 0
0.1665666 1.202914 -0.1708137 1

-0.8222511 -0.2464034 -0.5130191 0
0.4141314 0.359269 -0.8363138 0
-0.3903824 0.9001174 0.1933657 0
0.04517059 1.253187 -0.4933209 1

-0.5994614 -0.1261613 -0.7903984 0
0.7247331 0.3335722 -0.6029027 0
-0.3397177 0.9342447 0.1085303 0
0.1131246 1.240656 -0.5370621 1

-0.6073707 -0.1152897 -0.7860085 0
0.7225898 0.3309483 -0.6069078 0
-0.3300982 0.9365797 0.1177012 0
0.1261502 1.244975 -0.518895 1

-0.5683231 -0.2657508 -0.7787077 0
0.7272111 0.2805243 -0.6264743 0
-0.3849323 0.9223247 -0.0338284 0
0.1372048 1.252141 -0.4997001 1

-0.512566 -0.420546 -0.7486103 0
0.7947274 0.09773412 -0.5990459 0
-0.3250911 0.9019918 -0.2841244 0
0.1455089 1.259867 -0.4814098 1

0.03212446 -0.7092559 -0.7042192 0
-0.3831904 0.642004 -0.6640758 0
-0.9231108 -0.2911829 0.2511561 0
0.1585668 1.235577 -0.1850476 1

-0.2584113 -0.9441413 -0.2045015 0
-0.1381194 0.2456261 -0.9594744 0
-0.9561103 0.2196935 0.193877 0
0.1678219 1.257763 -0.2632155 1

-0.1940822 -0.9755533 -0.1030924 0
-0.08662024 0.1217227 -0.9887774 0
-0.9771537 0.1829744 0.1081269 0
0.1639716 1.236435 -0.2701908 1

-0.4471377 -0.8925163 -0.05901226 0
-0.2661312 0.1957348 -0.9438553 0
-0.8539568 0.4063284 0.3250468 0
0.1573569 1.214613 -0.2748865 1

-0.5361732 -0.8405812 -0.07707904 0
-0.1724379 0.1984628 -0.9648203 0
-0.8263074 0.5040194 0.2513585 0
0.1502126 1.194445 -0.2772027 1

-0.01991719 0.3241651 -0.9457914 0
0.2684317 0.9129797 0.3072662 0
-0.9630929 0.2477606 0.1052003 0
0.1400527 1.265866 -0.2956459 1

-0.6990764 -0.148846 -0.6993834 0
0.588776 0.4351945 -0.6811377 0
-0.4057524 0.8879475 0.2165971 0
0.06386426 1.269404 -0.5310716 1

-0.5677281 -0.09832949 -0.8173226 0
0.5036866 0.7438182 -0.4393569 0
-0.651141 0.6611097 0.372759 0
0.1533422 1.259166 -0.5705189 1

-0.5633039 -0.06244015 -0.8238872 0
0.310524 0.908043 -0.281128 0
-0.7656783 0.4141973 0.4921147 0
0.1680995 1.264188 -0.5541287 1

-0.5214272 -0.1789689 -0.8343165 0
-0.0448731 0.9821561 -0.1826373 0
-0.8521151 0.05779358 0.5201536 0
0.1766118 1.267343 -0.5336484 1

-0.458286 -0.3753692 -0.8056502 0
0.2818474 0.7982844 -0.5322633 0
-0.8429331 0.4709994 0.2600453 0
0.1747905 1.263468 -0.5034814 1

0.151279 -0.9061498 -0.3949778 0
-0.3626115 0.3208494 -0.8749679 0
-0.9195802 -0.2755876 0.2800428 0
0.1412692 1.264558 -0.2150245 1

-0.2545791 -0.9483498 -0.1892684 0
-0.3307431 0.2692996 -0.9044818 0
-0.9087349 0.1676629 0.3822182 0
0.1601572 1.271394 -0.3164596 1

-0.09036848 -0.9952611 -0.03589819 0
-0.944198 0.07415661 0.320923 0
0.31674 -0.06289646 0.9464251 0
0.1589431 1.243502 -0.3275931 1

-0.3290679 -0.9439346 -0.02648902 0
-0.7000501 0.2250285 0.6777112 0
0.6337542 -0.2415567 0.7348511 0
0.1429354 1.22522 -0.3260337 1

-0.4440927 -0.8957883 -0.01857494 0
-0.8535011 0.4166389 0.3129672 0
0.2726133 -0.1548402 0.9495826 0
0.1438592 1.201757 -0.3127513 1

-0.8402035 -0.3857719 -0.3811012 0
0.3942602 0.04794492 -0.9177474 0
-0.3723129 0.9213477 -0.111811 0
0.09435505 1.291941 -0.5663456 1

-0.5505491 -0.05383196 -0.8330654 0
0.1585543 0.9730112 -0.1676591 0
-0.8196074 0.2243908 0.5271549 0
0.1704227 1.28439 -0.5854179 1

-0.5614938 0.01280151 -0.8273821 0
-0.2659061 0.9440578 0.1950608 0
-0.7835935 -0.3295314 0.5266784 0
0.179533 1.297622 -0.5644798 1

-0.5967683 -0.007160114 -0.8023816 0
-0.3990704 0.8701711 0.2890421 0
-0.6961396 -0.4926981 0.5221478 0
0.174939 1.303957 -0.5404569 1

-0.4556967 -0.3232561 -0.8293648 0
-0.1798061 0.9459509 -0.2699019 0
-0.8717856 -0.02613154 0.48919 0
0.1827249 1.285941 -0.5184656 1

0.1986323 -0.977764 0.0672532 0
-0.03574216 -0.0758016 -0.9964824 0
-0.9794223 -0.1955296 0.05000412 0
0.1224915 1.281173 -0.2603345 1

-0.2273032 -0.9616029 -0.1537959 0
-0.7885756 0.2744185 -0.5503123 0
-0.5713865 0.003807969 0.8206728 0
0.1489414 1.280526 -0.3471315 1

-0.03565969 -0.9931545 -0.1112322 0
-0.01063088 -0.1109198 0.9937729 0
0.9993076 -0.03662028 0.006602556 0
0.1241779 1.246232 -0.3157768 1

-0.3133878 -0.941267 -0.1257153 0
0.4590052 -0.2660366 0.847667 0
0.8313259 -0.2079447 -0.5154192 0
0.1168377 1.233609 -0.3007688 1

-0.3903481 -0.9145619 -0.1058534 0
0.04434198 -0.1335171 0.9900543 0
0.9195992 -0.381772 -0.09267163 0
0.1198316 1.213486 -0.3039407 1

-0.8402035 -0.3857719 -0.3811012 0
0.3942602 0.04794492 -0.9177474 0
-0.3723129 0.9213477 -0.111811 0
0.106709 1.293444 -0.5951028 1

-0.5505491 -0.05383196 -0.8330654 0
0.1585543 0.9730112 -0.1676591 0
-0.8196074 0.2243908 0.5271549 0
0.1745297 1.309594 -0.5897608 1

-0.5614938 0.01280151 -0.8273821 0
-0.2659061 0.9440578 0.1950608 0
-0.7835935 -0.3295314 0.5266784 0
0.174228 1.316457 -0.5605882 1

-0.5967683 -0.007160114 -0.8023816 0
-0.3990704 0.8701711 0.2890421 0
-0.6961396 -0.4926981 0.5221478 0
0.1682328 1.318579 -0.5355997 1

-0.4556967 -0.3232561 -0.8293648 0
-0.1798061 0.9459509 -0.2699019 0
-0.8717856 -0.02613154 0.48919 0
0.1788533 1.30631 -0.5242772 1

0.1986323 -0.977764 0.0672532 0
-0.03574216 -0.0758016 -0.9964824 0
-0.9794223 -0.1955296 0.05000412 0
0.1213714 1.278798 -0.2915628 1

-0.2273032 -0.9616029 -0.1537959 0
-0.7885756 0.2744185 -0.5503123 0
-0.5713865 0.003807969 0.8206728 0
0.1285153 1.287634 -0.3613859 1

-0.03565969 -0.9931545 -0.1112322 0
-0.01063088 -0.1109198 0.9937729 0
0.9993076 -0.03662028 0.006602556 0
0.1239658 1.244019 -0.2959501 1

-0.3133878 -0.941267 -0.1257153 0
0.4590052 -0.2660366 0.847667 0
0.8313259 -0.2079447 -0.5154192 0
0.1245511 1.229138 -0.2865241 1

-0.3903481 -0.9145619 -0.1058534 0
0.04434198 -0.1335171 0.9900543 0
0.9195992 -0.381772 -0.09267163 0
0.1207865 1.210611 -0.2826221 1

0.9171962 0.09648287 -0.3865777 0
0.06350091 0.9224386 0.3808868 0
-0.3933432 0.3738959 -0.8399304 0
0.001200846 0.8709993 0.001920403 1

0.9531562 -0.008204557 -0.3023671 0
0.04140661 0.9937608 0.1035616 0
-0.2996309 0.1112304 -0.9475491 0
0.0008559328 0.9620033 0.02381548 1

-0.8333107 -0.03080083 0.5519465 0
-0.2851771 -0.8313828 -0.4769455 0
-0.473569 0.5548462 -0.6840163 0
-0.08923838 0.8315105 0.02669502 1

-0.9534175 0.1730758 0.2470627 0
-0.2699559 -0.8550197 -0.4427923 0
-0.1346069 0.4888619 -0.8619136 0
0.08748312 0.850101 -0.04778891 1

0.9888453 -0.03816067 -0.1439748 0
0.03247714 0.9986055 -0.04162237 0
-0.1453624 -0.03648215 -0.9887056 0
0.007586523 1.123538 0.04064928 1

-0.8255723 -0.02102505 0.5639048 0
0.4683051 -0.5830644 0.6638722 0
-0.3148348 -0.8121539 -0.491208 0
-0.2085409 0.4837054 -0.1728329 1

-0.954667 -0.02004467 0.2970003 0
0.1144928 -0.9457043 0.3041953 0
-0.274777 -0.3244096 -0.9051277 0
-0.02545164 0.4924075 -0.233029 1

0.9997439 -0.01816958 0.01348901 0
0.02173537 0.9368897 -0.348949 0
0.006297439 -0.3491528 -0.9370447 0
0.01203613 1.260354 0.03494673 1

-0.820802 0.06921256 0.5670044 0
0.03088485 -0.9858027 0.1650433 0
-0.5703775 -0.1529797 -0.8070111 0
-0.02616779 0.2566412 0.0857003 1

-0.9519451 0.01473272 0.3059143 0
-0.1872943 -0.8183045 -0.5434138 0
-0.2423251 0.5745961 -0.7817404 0
0.01913564 0.124119 -0.1145652 1

0.9975657 -0.04954682 0.04906851 0
0.05979805 0.9698038 -0.2364423 0
0.03587177 -0.2388008 -0.9704058 0
0.01477824 1.405573 0.02732222 1

0.3174152 -0.1396791 -0.9379433 0
-0.9469409 -0.09936421 -0.3056628 0
0.05050327 -0.9851989 0.1638077 0
-0.04741509 1.370156 0.03411484 1

-0.414723 0.4901186 0.7666738 0
0.893752 0.06114746 0.4443741 0
-0.1709158 -0.8695083 0.4634038 0
0.07543804 1.367925 0.03577183 1

-0.7117589 0.06028981 0.699832 0
-0.589394 -0.5932525 -0.5483306 0
-0.3821183 0.8027557 -0.457787 0
-0.02147327 0.1067993 0.1107869 1

-0.9802568 0.02980296 0.1954699 0
-0.194625 0.02904654 -0.9804477 0
0.03489797 0.9991335 0.02267271 0
-0.009333101 -0.0002633333 -0.1971641 1

0.9975657 -0.04954682 0.04906851 0
0.05979805 0.9698038 -0.2364423 0
0.03587177 -0.2388008 -0.9704058 0
0.01770599 1.445449 0.008065914 1

0.8040466 0.5483437 -0.2298439 0
0.0907065 -0.4951776 -0.8640438 0
0.5876065 -0.6738832 0.4478843 0
-0.1654608 1.357769 -0.003989088 1

0.5264689 0.1605978 0.8348888 0
0.4798414 -0.8667741 -0.13585 0
-0.7018424 -0.4721348 0.5333909 0
0.1868528 1.375547 0.09116735 1

-0.7117589 0.06028981 0.699832 0
-0.589394 -0.5932525 -0.5483306 0
-0.3821183 0.8027557 -0.457787 0
-0.1305112 -0.002952516 0.009345711 1

-0.9802568 0.02980296 0.1954699 0
-0.194625 0.02904654 -0.9804477 0
0.03489797 0.9991335 0.02267271 0
-0.04533872 0.005110323 -0.3785469 1

0.9862659 -0.1576178 0.04935676 0
0.1651649 0.9414361 -0.2939702 0
0.0001312792 -0.2980848 -0.9545394 0
0.02042178 1.48245 -0.00978583 1

-0.6886488 0.515411 -0.5100145 0
0.6455739 0.1155615 -0.754904 0
0.3301479 0.8491156 0.412317 0
-0.1403468 1.220669 -0.2432169 1

0.226294 -0.8650174 -0.447813 0
-0.5533352 0.2641953 -0.7899503 0
-0.8016305 -0.4265513 0.4188586 0
0.3197066 1.135563 0.05355454 1

0.9862659 -0.1576178 0.04935676 0
0.1651649 0.9414361 -0.2939702 0
0.0001312792 -0.2980848 -0.9545394 0
0.08377335 1.815444 -0.2142095 1

0.0001333356 -0.2980851 -0.9545394 0
-0.9862659 0.1576172 -0.04935879 0
-0.1651649 -0.9414361 0.2939702 0
-0.00295473 1.602176 -0.1916054 1

-0.0001144409 0.2980841 0.9545397 0
0.986266 -0.1576228 0.04934081 0
-0.1651649 -0.9414356 0.2939722 0
0.0974483 1.586131 -0.1865808 1

-0.5674288 -0.2891164 -0.7709972 0
0.8090104 -0.02132789 -0.5874076 0
-0.1533853 0.9570565 -0.2460002 0
0.03973462 1.252905 -0.4537959 1

-0.2670884 -0.913634 -0.3064917 0
-0.01946649 0.3230956 -0.9461662 0
-0.9634755 0.2467439 0.1040802 0
0.1653547 1.20926 -0.1668006 1

-0.8217278 -0.2475336 -0.5133139 0
0.4142677 0.3590778 -0.8363287 0
-0.3913389 0.8998836 0.1925191 0
0.04390689 1.259334 -0.4894984 1

-0.598894 -0.1272743 -0.7906502 0
0.7247608 0.3338356 -0.6027236 0
-0.3406584 0.9339997 0.1076885 0
0.1118975 1.246836 -0.5331923 1

-0.6068162 -0.116407 -0.7862723 0
0.7226224 0.331207 -0.6067284 0
-0.3310462 0.93635 0.1168632 0
0.1249087 1.251181 -0.515021 1

-0.5676308 -0.2668263 -0.778845 0
0.7273023 0.2807737 -0.6262571 0
-0.3857808 0.9219382 -0.0346875 0
0.1359456 1.258371 -0.4958246 1

-0.5117452 -0.4215482 -0.7486084 0
0.7949751 0.0980662 -0.5986634 0
-0.3257785 0.9014879 -0.2849354 0
0.1442322 1.266117 -0.4775348 1

0.03357698 -0.7099954 -0.7034057 0
-0.3833605 0.6408185 -0.6651217 0
-0.9229885 -0.2919904 0.2506672 0
0.157329 1.241899 -0.1810775 1

-0.2571217 -0.9446701 -0.2036841 0
-0.1375643 0.2444028 -0.9598666 0
-0.956538 0.2187832 0.1927939 0
0.1666268 1.264009 -0.2592616 1

-0.192845 -0.9758942 -0.1021836 0
-0.08589384 0.1205278 -0.9889873 0
-0.9774627 0.1819446 0.1070663 0
0.1628078 1.242669 -0.2662167 1

-0.4460368 -0.8931062 -0.05841774 0
-0.2655309 0.1943783 -0.9443044 0
-0.854719 0.4056829 0.3238472 0
0.1562228 1.220834 -0.2708942 1

-0.535117 -0.8412961 -0.07662016 0
-0.1718224 0.1971933 -0.9651901 0
-0.8271197 0.5033248 0.2500751 0
0.1491043 1.200654 -0.2731943 1

-0.01946643 0.3230959 -0.9461663 0
0.2670884 0.913634 0.3064919 0
-0.9634755 0.2467439 0.1040802 0
0.1388766 1.272043 -0.2917255 1

-0.6985393 -0.1499897 -0.6996759 0
0.5887527 0.4352756 -0.6811064 0
-0.4067106 0.8877155 0.2157501 0
0.06260671 1.275543 -0.5272498 1

-0.5671717 -0.09943141 -0.817576 0
0.5032356 0.7439868 -0.4395883 0
-0.6519742 0.6607553 0.3719305 0
0.1521165 1.265362 -0.5666392 1

-0.5627776 -0.06354257 -0.824163 0
0.3098288 0.9081396 -0.281583 0
-0.7663471 0.4138179 0.491393 0
0.1668599 1.270409 -0.5502442 1

-0.5207853 -0.180039 -0.8344875 0
-0.04569365 0.9819864 -0.1833452 0
-0.852464 0.05735261 0.5196304 0
0.1753576 1.273586 -0.529761 1

-0.4574754 -0.3763599 -0.8056489 0
0.2813981 0.7981796 -0.5326583 0
-0.8435233 0.4703861 0.2592404 0
0.1735229 1.26973 -0.4995925 1

0.1526909 -0.9064075 -0.3938424 0
-0.362219 0.3194553 -0.8756406 0
-0.9195015 -0.276359 0.2795396 0
0.1400238 1.270826 -0.2111017 1

-0.253298 -0.948857 -0.1884429 0
-0.3302638 0.2679107 -0.9050691 0
-0.9092668 0.1670166 0.3812343 0
0.1589928 1.277572 -0.3125275 1

-0.08916728 -0.9954059 -0.03487669 0
-0.9445662 0.07340086 0.3200115 0
0.3159815 -0.06147786 0.9467719 0
0.1578213 1.249666 -0.3236313 1

-0.327935 -0.9443496 -0.02573402 0
-0.7009098 0.2249539 0.6768468 0
0.6333913 -0.239999 0.7356743 0
0.1418337 1.231367 -0.3220656 1

-0.4430234 -0.89633 -0.01797402 0
-0.8542649 0.4159806 0.3117565 0
0.2719599 -0.1534699 0.9499923 0
0.1427734 1.20792 -0.3087566 1

-0.8396239 -0.3868272 -0.3813093 0
0.3947356 0.04767873 -0.9175571 0
-0.3731164 0.9209191 -0.1126624 0
0.09309629 1.298084 -0.5625221 1

-0.5500255 -0.05492874 -0.8333398 0
0.1577338 0.9730435 -0.1682455 0
-0.8201172 0.2239851 0.5265346 0
0.1691819 1.290591 -0.5815461 1

-0.5610361 0.01169831 -0.8277091 0
-0.2669048 0.9439425 0.1942542 0
-0.7835821 -0.3299032 0.5264634 0
0.1782678 1.303847 -0.5606121 1

-0.5963062 -0.00827918 -0.8027148 0
-0.400053 0.8699954 0.2882112 0
-0.695972 -0.4929904 0.5220958 0
0.1736543 1.310193 -0.5365962 1

-0.4549218 -0.3242607 -0.8293984 0
-0.1805431 0.9455936 -0.2706612 0
-0.8720382 -0.02661255 0.4887142 0
0.1814446 1.2922 -0.5145878 1

0.1997219 -0.9774549 0.06850904 0
-0.03477681 -0.07694501 -0.9964287 0
-0.9792354 -0.1966259 0.04936033 0
0.1212664 1.287369 -0.2564464 1

-0.2260377 -0.9620392 -0.1529318 0
-0.7884132 0.2728826 -0.5513077 0
-0.5721119 0.004043289 0.8201658 0
0.1477934 1.286657 -0.3432193 1

-0.03439482 -0.9933181 -0.1101649 0
-0.01137432 -0.1098338 0.9938852 0
0.9993438 -0.03543773 0.007520735 0
0.1230426 1.252368 -0.3118485 1

-0.3121709 -0.9417734 -0.1249493 0
0.458572 -0.2645595 0.8483633 0
0.8320227 -0.2075363 -0.5144585 0
0.1157041 1.239753 -0.296833 1

-0.3891798 -0.9151369 -0.1051845 0
0.04362833 -0.1323703 0.9902399 0
0.9201282 -0.3807925 -0.09144166 0
0.1187245 1.21963 -0.2999801 1

-0.8396239 -0.3868272 -0.3813093 0
0.3947356 0.04767873 -0.9175571 0
-0.3731164 0.9209191 -0.1126624 0
0.1054651 1.299578 -0.5912734 1

-0.5500255 -0.05492874 -0.8333398 0
0.1577338 0.9730435 -0.1682455 0
-0.8201172 0.2239851 0.5265346 0
0.1732676 1.315796 -0.5859043 1

-0.5610361 0.01169831 -0.8277091 0
-0.2669048 0.9439425 0.1942542 0
-0.7835821 -0.3299032 0.5264634 0
0.1729429 1.322679 -0.5567365 1

-0.5963062 -0.00827918 -0.8027148 0
-0.400053 0.8699954 0.2882112 0
-0.695972 -0.4929904 0.5220958 0
0.1669315 1.324813 -0.5317529 1

-0.4549218 -0.3242607 -0.8293984 0
-0.1805431 0.9455936 -0.2706612 0
-0.8720382 -0.02661255 0.4887142 0
0.1775571 1.312561 -0.5204159 1

0.1997219 -0.9774549 0.06850904 0
-0.03477681 -0.07694501 -0.9964287 0
-0.9792354 -0.1966259 0.04936033 0
0.1201765 1.284957 -0.2876731 1

-0.2260377 -0.9620392 -0.1529318 0
-0.7884132 0.2728826 -0.5513077 0
-0.5721119 0.004043289 0.8201658 0
0.1273716 1.293725 -0.3574995 1

-0.03439482 -0.9933181 -0.1101649 0
-0.01137432 -0.1098338 0.9938852 0
0.9993438 -0.03543773 0.007520735 0
0.1228156 1.250177 -0.2920196 1

-0.3121709 -0.9417734 -0.1249493 0
0.458572 -0.2645595 0.8483633 0
0.8320227 -0.2075363 -0.5144585 0
0.1234102 1.235307 -0.2825766 1

-0.3891798 -0.9151369 -0.1051845 0
0.04362833 -0.1323703 0.9902399 0
0.9201282 -0.3807925 -0.09144166 0
0.1196639 1.21678 -0.2786576 1

0.9261837 0.1165116 -0.3586208 0
0.02774324 0.9274318 0.372962 0
-0.3760507 0.3553806 -0.8557397 0
0.003493627 0.8816842 0.003949555 1

0.9616081 0.005279228 -0.2743758 0
0.02318668 0.9946769 0.100401 0
-0.2734453 0.1029083 -0.9563668 0
0.0001223211 0.9728568 0.02486413 1

-0.8317159 -0.05649716 0.5523197 0
-0.2122448 -0.8868935 -0.4103318 0
-0.5130312 0.4585064 -0.725652 0
-0.08664099 0.8401024 0.02629027 1

-0.950919 0.2428587 0.1917624 0
-0.3072066 -0.8152483 -0.4909117 0
-0.03711176 0.5257278 -0.8498428 0
0.09181216 0.8625519 -0.04280705 1

0.9931579 -0.02494822 -0.1140838 0
0.02034026 0.9989364 -0.04137831 0
-0.1149948 -0.03877477 -0.992609 0
0.003891284 1.13454 0.04118418 1

-0.8347378 -0.07978182 0.5448374 0
0.4962225 -0.537899 0.6814895 0
-0.238697 -0.8392257 -0.4885941 0
-0.1754326 0.4690746 -0.1453701 1

-0.9605438 0.03177068 0.2763084 0
0.02352732 -0.9806119 0.1945424 0
-0.277132 -0.1933673 -0.9411732 0
-0.03670625 0.5214967 -0.2481776 1

0.9989304 -0.005708858 0.04588485 0
0.02129881 0.9376128 -0.3470282 0
0.04104108 -0.3476343 -0.9367315 0
0.006678056 1.271402 0.03551506 1

-0.8450746 0.05538121 0.5317725 0
0.09832314 -0.9615589 0.2563928 0
-0.5255299 -0.2689566 -0.8071436 0
0.01781242 0.2595993 0.1200239 1

-0.9510723 -0.004956909 0.3089288 0
-0.1368291 -0.889719 -0.43552 0
-0.2770187 0.4564815 -0.8455089 0
-0.02754394 0.139614 -0.1724164 1

0.9957516 -0.03831497 0.08373007 0
0.05801794 0.9671771 -0.247391 0
0.07150304 -0.2511979 -0.9652911 0
0.007846782 1.416655 0.02814347 1

0.356666 -0.1400417 -0.9236763 0
-0.9318275 -0.1242163 -0.3409808 0
0.06698407 -0.9823232 0.1747986 0
-0.05408558 1.380454 0.0328765 1

-0.4442835 0.4877371 0.7514819 0
0.8783755 0.07211311 0.4725003 0
-0.1762641 -0.8700071 0.4604551 0
0.0686676 1.379754 0.03851443 1

-0.7423825 0.06552589 0.6667643 0
-0.5527819 -0.6222188 -0.5543251 0
-0.3785506 0.7800965 -0.4981458 0
0.03275752 0.1134424 0.1589956 1

-0.9806889 0.0016037 0.1955681 0
-0.1955154 -0.0326684 -0.9801564 0
-0.004816979 0.9994649 -0.03235095 0
-0.04834195 0.004376709 -0.2386155 1

0.9957516 -0.03831497 0.08373007 0
0.05801794 0.9671771 -0.247391 0
0.07150304 -0.2511979 -0.9652911 0
0.01102752 1.456303 0.008459369 1

0.8059733 0.5383274 -0.2461928 0
0.08086994 -0.5121344 -0.85509 0
0.5864021 -0.6692699 0.4563011 0
-0.1702472 1.364969 -0.009630186 1

0.5030938 0.1594239 0.8494003 0
0.480781 -0.8683424 -0.1217839 0
-0.718155 -0.469644 0.5135058 0
0.1781655 1.388744 0.09741612 1

-0.7423825 0.06552589 0.6667643 0
-0.5527819 -0.6222188 -0.5543251 0
-0.3785506 0.7800965 -0.4981458 0
-0.06950714 -0.001668096 0.0564455 1

-0.9806889 0.0016037 0.1955681 0
-0.1955154 -0.0326684 -0.9801564 0
-0.004816979 0.9994649 -0.03235095 0
-0.08451232 -0.001666963 -0.4199444 1

0.987237 -0.1493161 0.05538881 0
0.1591713 0.9365926 -0.3121837 0
0.005262703 -0.3170155 -0.9484058 0
0.01397756 1.49309 -0.009789307 1

-0.6817867 0.5059257 -0.5283999 0
0.6694065 0.140123 -0.7295622 0
0.2950634 0.8511199 0.4342038 0
-0.1478567 1.223174 -0.2463789 1

0.2447585 -0.8688803 -0.4302796 0
-0.5255898 0.2540211 -0.8119293 0
-0.8147694 -0.4248768 0.3945009 0
0.3112794 1.148326 0.06369783 1

0.987237 -0.1493161 0.05538881 0
0.1591713 0.9365926 -0.3121837 0
0.005262703 -0.3170155 -0.9484058 0
0.0755192 1.822409 -0.2206204 1

0.005264819 -0.3170159 -0.9484055 0
-0.987237 0.1493154 -0.05539083 0
-0.1591713 -0.9365926 0.3121837 0
-0.009713719 1.608999 -0.1940264 1

-0.005245894 0.3170151 0.948406 0
0.987237 -0.1493214 0.05537289 0
-0.1591713 -0.9365919 0.3121857 0
0.09078816 1.593798 -0.1883878 1

-0.5656494 -0.2917361 -0.7713179 0
0.8099432 -0.02070775 -0.586143 0
-0.1550267 0.956275 -0.2480029 0
0.03887281 1.262262 -0.4498888 1

-0.2638409 -0.9150984 -0.3049313 0
-0.0183911 0.320848 -0.9469525 0
-0.9643912 0.2442369 0.1014825 0
0.1646671 1.219184 -0.1627882 1

-0.8204257 -0.2502133 -0.5140969 0
0.4147785 0.3584045 -0.8363645 0
-0.393524 0.899411 0.190261 0
0.04308565 1.268634 -0.4855969 1

-0.5974253 -0.1299972 -0.7913179 0
0.7249696 0.3342484 -0.6022439 0
-0.3427867 0.9334769 0.1054443 0
0.1111686 1.256198 -0.5291646 1

-0.605377 -0.1191386 -0.7869722 0
0.7228426 0.3316079 -0.6062468 0
-0.3331934 0.9358646 0.1146291 0
0.1241431 1.260604 -0.5109817 1

-0.5658866 -0.269461 -0.7792072 0
0.7276583 0.2811487 -0.625675 0
-0.3876679 0.9210574 -0.03697732 0
0.1351356 1.267852 -0.491782 1

-0.5097213 -0.4240086 -0.7485997 0
0.7956738 0.09863552 -0.597641 0
-0.3272433 0.9002714 -0.2870958 0
0.1433781 1.27565 -0.4734942 1

0.03708003 -0.7115231 -0.7016841 0
-0.3837794 0.6381819 -0.6674112 0
-0.9226803 -0.2940391 0.249404 0
0.1565787 1.251767 -0.1771578 1

-0.2540027 -0.945868 -0.2020311 0
-0.1362353 0.2417874 -0.960718 0
-0.957561 0.2165014 0.1902754 0
0.1659783 1.273723 -0.2553734 1

-0.1898514 -0.9766738 -0.1003238 0
-0.08415124 0.1179931 -0.9894426 0
-0.9782001 0.179405 0.1045895 0
0.1622347 1.252355 -0.2622869 1

-0.4433694 -0.8945067 -0.05728219 0
-0.2640916 0.1914345 -0.945309 0
-0.8565511 0.4039935 0.321108 0
0.1557217 1.230491 -0.2669275 1

-0.5325583 -0.8429932 -0.07579197 0
-0.1703478 0.1944682 -0.9660043 0
-0.8290741 0.5015426 0.2471677 0
0.1486655 1.210286 -0.2691957 1

-0.0183911 0.3208481 -0.9469525 0
0.2638409 0.9150985 0.3049314 0
-0.9643912 0.2442369 0.1014825 0
0.1382739 1.281602 -0.2879139 1

-0.6971604 -0.1527544 -0.7004525 0
0.5888672 0.4352565 -0.6810199 0
-0.4089051 0.8872536 0.2134913 0
0.06180855 1.284812 -0.5233498 1

-0.5657209 -0.1021374 -0.8182471 0
0.5023345 0.7442327 -0.4402031 0
-0.6539271 0.6600656 0.3697205 0
0.1513993 1.274747 -0.5625848 1

-0.5613922 -0.06625152 -0.8248938 0
0.3083431 0.9082689 -0.2827946 0
-0.7679607 0.4131088 0.4894667 0
0.1661071 1.279855 -0.5461767 1

-0.5191393 -0.182678 -0.8349392 0
-0.04748282 0.9815475 -0.1852315 0
-0.8533699 0.05651545 0.5182337 0
0.1745671 1.283088 -0.525687 1

-0.4554601 -0.3788114 -0.8056417 0
0.2805246 0.7977856 -0.5337087 0
-0.8449039 0.4690851 0.2570935 0
0.1726946 1.279284 -0.4955142 1

0.1560994 -0.9068776 -0.391416 0
-0.3612796 0.316394 -0.8771388 0
-0.9192989 -0.2783312 0.2782474 0
0.1392545 1.280575 -0.2072853 1

-0.2501992 -0.9500087 -0.1867723 0
-0.3291161 0.2648726 -0.9063805 0
-0.9105401 0.1653061 0.3789341 0
0.1584182 1.28714 -0.3086864 1

-0.08626081 -0.9957341 -0.03275384 0
-0.9454438 0.07144879 0.3178547 0
0.3141586 -0.05838538 0.9475738 0
0.1573494 1.259205 -0.3197279 1

-0.3251916 -0.945338 -0.02423142 0
-0.7029726 0.2245212 0.6748486 0
0.6325192 -0.2364891 0.7375586 0
0.1414107 1.240865 -0.3181534 1

-0.4404323 -0.8976283 -0.0168249 0
-0.8561006 0.4142644 0.3089944 0
0.2703922 -0.150495 0.9509153 0
0.142389 1.217451 -0.304788 1

-0.8382288 -0.3893002 -0.3818617 0
0.3960252 0.04681539 -0.9170456 0
-0.3748829 0.9199209 -0.1149307 0
0.0923041 1.307352 -0.5586175 1

-0.5486447 -0.05762772 -0.8340676 0
0.1559401 0.9730614 -0.1698075 0
-0.8213845 0.2232283 0.5248783 0
0.168434 1.299985 -0.5775127 1

-0.5598041 0.008986384 -0.8285767 0
-0.2691857 0.9437352 0.1921028 0
-0.7836832 -0.3305809 0.5258875 0
0.1774603 1.313298 -0.5565894 1

-0.5950698 -0.01101933 -0.8035988 0
-0.4023201 0.8696814 0.2859949 0
-0.6957235 -0.4934911 0.5219542 0
0.1727969 1.319679 -0.5325922 1

-0.4529803 -0.326751 -0.8294836 0
-0.1821228 0.9447093 -0.2726837 0
-0.8727205 -0.02754766 0.4874434 0
0.1805919 1.301743 -0.5105389 1

0.2023577 -0.9767205 0.07119672 0
-0.03245705 -0.07934993 -0.9963186 0
-0.9787739 -0.1993015 0.04775843 0
0.1205458 1.296959 -0.2527077 1

-0.2229764 -0.9630308 -0.1511734 0
-0.7880226 0.2693575 -0.5535952 0
-0.573849 0.004310787 0.8189502 0
0.1472575 1.296122 -0.3394227 1

-0.03133583 -0.9936644 -0.1079315 0
-0.0131571 -0.107565 0.9941112 0
0.9994225 -0.03257173 0.009702891 0
0.1225383 1.261836 -0.3080246 1

-0.3092257 -0.9429461 -0.1234191 0
0.4575335 -0.2612871 0.8499369 0
0.8336926 -0.2063542 -0.5122262 0
0.1152042 1.249235 -0.2929952 1

-0.3863516 -0.9164835 -0.1038781 0
0.04191715 -0.1299531 0.9906341 0
0.9213989 -0.3783788 -0.08862393 0
0.1182883 1.229113 -0.2960893 1

-0.8382288 -0.3893002 -0.3818617 0
0.3960252 0.04681539 -0.9170456 0
-0.3748829 0.9199209 -0.1149307 0
0.1047133 1.308819 -0.5873528 1

-0.5486447 -0.05762772 -0.8340676 0
0.1559401 0.9730614 -0.1698075 0
-0.8213845 0.2232283 0.5248783 0
0.1724733 1.32519 -0.5819111 1

-0.5598041 0.008986384 -0.8285767 0
-0.2691857 0.9437352 0.1921028 0
-0.7836832 -0.3305809 0.5258875 0
0.1720899 1.332126 -0.5527567 1

-0.5950698 -0.01101933 -0.8035988 0
-0.4023201 0.8696814 0.2859949 0
-0.6957235 -0.4934911 0.5219542 0
0.1660361 1.334294 -0.5277863 1

-0.4529803 -0.326751 -0.8294836 0
-0.1821228 0.9447093 -0.2726837 0
-0.8727205 -0.02754766 0.4874434 0
0.1766703 1.322085 -0.5164105 1

0.2023577 -0.9767205 0.07119672 0
-0.03245705 -0.07934993 -0.9963186 0
-0.9787739 -0.1993015 0.04775843 0
0.1195286 1.294472 -0.2839309 1

-0.2229764 -0.9630308 -0.1511734 0
-0.7880226 0.2693575 -0.5535952 0
-0.573849 0.004310787 0.8189502 0
0.1268459 1.303099 -0.3537622 1

-0.03133583 -0.9936644 -0.1079315 0
-0.0131571 -0.107565 0.9941112 0
0.9994225 -0.03257173 0.009702891 0
0.1222759 1.25969 -0.2881911 1

-0.3092257 -0.9429461 -0.1234191 0
0.4575335 -0.2612871 0.8499369 0
0.8336926 -0.2063542 -0.5122262 0
0.1228928 1.244844 -0.2787124 1

-0.3863516 -0.9164835 -0.1038781 0
0.04191715 -0.1299531 0.9906341 0
0.9213989 -0.3783788 -0.08862393 0
0.119191 1.226315 -0.2747582 1

0.9340257 0.137968 -0.3294857 0
-0.009539247 0.9317026 0.3630969 0
-0.3570784 0.3359988 -0.8715503 0
0.008043666 0.8936679 0.006978927 1

0.9691983 0.02041763 -0.2454337 0
0.003242955 0.9954131 0.09561467 0
-0.2462602 0.09346546 -0.9646865 0
0.001531777 0.9849289 0.02673396 1

-0.8174523 -0.07472523 0.5711288 0
-0.1495303 -0.9300235 -0.3357038 0
-0.5562487 0.3598229 -0.749076 0
-0.08162608 0.8498793 0.02683574 1

-0.9393547 0.3220473 0.1178907 0
-0.3331724 -0.7754799 -0.5363086 0
0.08129486 0.543062 -0.8357481 0
0.09833802 0.8764629 -0.03664796 1

0.9964317 -0.010226 -0.08378088 0
0.006621003 0.9990448 -0.04319425 0
-0.08414255 -0.04248543 -0.9955477 0
0.002058911 1.146732 0.042276 1

-0.8309508 -0.113622 0.54462 0
0.5169044 -0.5196927 0.6802424 0
-0.2057445 -0.8467643 -0.4905707 0
-0.1441814 0.4608082 -0.1136044 1

-0.9656446 0.07849012 0.2477294 0
-0.05946098 -0.9947411 0.08339404 0
-0.2529722 -0.06579867 -0.9652334 0
-0.04104306 0.5520446 -0.2610101 1

0.9969219 0.008012086 0.07799175 0
0.01960497 0.9376872 -0.3469274 0
0.07591149 -0.3473886 -0.9346436 0
0.002966036 1.283609 0.03635807 1

-0.8568116 0.04378721 0.5137671 0
0.1422388 -0.9376561 0.3171266 0
-0.4956229 -0.3447953 -0.7971663 0
0.05711785 0.2584231 0.1513039 1

-0.948756 -0.01649394 0.3155789 0
-0.09212288 -0.940825 -0.326131 0
-0.3022838 0.3384908 -0.891094 0
-0.06419912 0.1646596 -0.2285337 1

0.992766 -0.0250668 0.1174193 0
0.05491585 0.9644732 -0.2584102 0
0.1067703 -0.2629889 -0.9588728 0
0.002381385 1.428861 0.02890954 1

0.3965921 -0.1422077 -0.9069132 0
-0.9143295 -0.1493884 -0.3764104 0
0.08195379 -0.9784989 0.1892709 0
-0.05916945 1.391816 0.03167786 1

-0.4730915 0.4852147 0.735358 0
0.8623943 0.08435557 0.4991593 0
-0.1801678 -0.8703166 0.4583544 0
0.06333691 1.392802 0.04126124 1

-0.7604503 0.06860588 0.6457622 0
-0.5334285 -0.6331207 -0.5609033 0
-0.3703641 0.7710069 -0.5180531 0
0.07873814 0.1158994 0.1995072 1

-0.9799868 -0.01301795 0.1986361 0
-0.1956236 -0.1216924 -0.9730994 0
-0.03684027 0.9924825 -0.1167104 0
-0.0782018 0.02165419 -0.2781056 1

0.992766 -0.0250668 0.1174193 0
0.05491585 0.9644732 -0.2584102 0
0.1067703 -0.2629889 -0.9588728 0
0.005754394 1.468282 0.00880675 1

0.8081469 0.5277051 -0.2615838 0
0.07135542 -0.5285797 -0.8458796 0
0.5846428 -0.6649296 0.4648246 0
-0.1731497 1.373193 -0.01524547 1

0.479044 0.1600031 0.8630854 0
0.4834956 -0.868745 -0.1073052 0
-0.7326317 -0.4687017 0.4935278 0
0.1708426 1.403318 0.1034862 1

-0.7604503 0.06860588 0.6457622 0
-0.5334285 -0.6331207 -0.5609033 0
-0.3703641 0.7710069 -0.5180531 0
-0.01994614 -0.001227915 0.09574011 1

-0.9799868 -0.01301795 0.1986361 0
-0.1956236 -0.1216924 -0.9730994 0
-0.03684027 0.9924825 -0.1167104 0
-0.1143922 -0.0008589625 -0.4581291 1

0.9881176 -0.1407312 0.06179291 0
0.1532861 0.9317873 -0.3290528 0
0.01126988 -0.3346149 -0.9422876 0
0.008882281 1.50486 -0.009830588 1

-0.6739091 0.4961823 -0.5474029 0
0.6920479 0.1645238 -0.7028525 0
0.2586822 0.8524876 0.4542558 0
-0.1533936 1.226845 -0.2494441 1

0.2639688 -0.8719516 -0.4123363 0
-0.4981183 0.2428408 -0.8324103 0
-0.8259534 -0.4251223 0.3702325 0
0.3047081 1.162788 0.07377662 1

0.9881176 -0.1407312 0.06179291 0
0.1532861 0.9317873 -0.3290528 0
0.01126988 -0.3346149 -0.9422876 0
0.06873957 1.830645 -0.2265543 1

0.01127197 -0.3346152 -0.9422875 0
-0.9881176 0.1407305 -0.06179494 0
-0.1532861 -0.9317873 0.3290528 0
-0.01498085 1.617125 -0.1962881 1

-0.01125307 0.3346147 0.942288 0
0.9881178 -0.1407368 0.06177717 0
-0.1532861 -0.9317867 0.3290549 0
0.08561068 1.602799 -0.1899976 1

-0.5634861 -0.295121 -0.7716134 0
0.8111036 -0.02032982 -0.5845492 0
-0.156826 0.9552436 -0.2508293 0
0.03965173 1.272739 -0.4455034 1

-0.2596681 -0.9169447 -0.3029606 0
-0.01690811 0.3179908 -0.9479432 0
-0.9655501 0.2410282 0.09807579 0
0.165759 1.230528 -0.1584226 1

-0.8188492 -0.2535248 -0.5149868 0
0.4155161 0.3571773 -0.8365232 0
-0.3960209 0.8989717 0.1871305 0
0.04391733 1.279026 -0.4812202 1

-0.5956081 -0.1335119 -0.792102 0
0.7253178 0.3343791 -0.6017516 0
-0.3452035 0.9329337 0.1023203 0
0.1121125 1.266638 -0.5246256 1

-0.6035937 -0.1226608 -0.7878001 0
0.7232046 0.3317229 -0.6057516 0
-0.3356333 0.9353687 0.111517 0
0.1250417 1.271123 -0.5064299 1

-0.5637611 -0.2728675 -0.7795618 0
0.7281772 0.2812242 -0.6250368 0
-0.3897839 0.9200307 -0.04015278 0
0.1359806 1.278448 -0.4872287 1

-0.5072871 -0.4271995 -0.7484387 0
0.7965726 0.0989483 -0.5963905 0
-0.3288342 0.898727 -0.2901003 0
0.1441697 1.286313 -0.468946 1

0.04161999 -0.7134456 -0.6994737 0
-0.3842244 0.6348162 -0.6703586 0
-0.9223014 -0.296655 0.247702 0
0.1575926 1.263039 -0.1729107 1

-0.2500061 -0.9473753 -0.1999431 0
-0.134426 0.2384622 -0.9618033 0
-0.9588675 0.2135792 0.1869688 0
0.1671311 1.284798 -0.2511643 1

-0.1860281 -0.9776483 -0.09796697 0
-0.0818135 0.114774 -0.990017 0
-0.9791325 0.176156 0.1013358 0
0.1634843 1.263397 -0.2580251 1

-0.4399615 -0.8962769 -0.05587418 0
-0.2621416 0.1876907 -0.9466014 0
-0.8589039 0.4018213 0.3175278 0
0.1570636 1.241496 -0.2626192 1

-0.5292845 -0.8451422 -0.07478416 0
-0.1683518 0.1910042 -0.9670447 0
-0.8315745 0.4992518 0.2433767 0
0.1500871 1.221259 -0.2648474 1

-0.01690817 0.3179909 -0.9479433 0
0.2596682 0.9169447 0.3029608 0
-0.9655501 0.2410282 0.09807579 0
0.1394893 1.292481 -0.2838051 1

-0.6954615 -0.156266 -0.7013661 0
0.5891258 0.4348542 -0.6810528 0
-0.4114173 0.8868389 0.2103637 0
0.06267347 1.295149 -0.5189803 1

-0.5639188 -0.105648 -0.8190446 0
0.5014012 0.7442592 -0.4412203 0
-0.6561956 0.6594824 0.3667296 0
0.1523624 1.285194 -0.5580184 1

-0.5596628 -0.06976967 -0.8257781 0
0.3067216 0.908249 -0.2846152 0
-0.7698696 0.4125726 0.4869133 0
0.1670267 1.290381 -0.5415964 1

-0.5171144 -0.1861215 -0.8354353 0
-0.04946214 0.980938 -0.1879212 0
-0.8544859 0.05585432 0.5164629 0
0.17544 1.293687 -0.5210991 1

-0.4530252 -0.3820243 -0.8054972 0
0.2796431 0.7970365 -0.5352878 0
-0.8465034 0.4677506 0.254247 0
0.1735192 1.289959 -0.4909199 1

0.1604795 -0.9074523 -0.3883 0
-0.3599721 0.3124962 -0.8790715 0
-0.9190574 -0.2808499 0.2765082 0
0.1402484 1.291695 -0.2031713 1

-0.2462302 -0.9514576 -0.1846616 0
-0.3275404 0.2610061 -0.9080712 0
-0.9121888 0.1631105 0.3759081 0
0.1596713 1.298031 -0.3045377 1

-0.08255811 -0.996133 -0.03005315 0
-0.9465811 0.06894758 0.3150094 0
0.3117191 -0.05445441 0.9486128 0
0.1587347 1.27006 -0.3154995 1

-0.321693 -0.9465805 -0.02234462 0
-0.7056648 0.2239503 0.6722231 0
0.6313092 -0.2320174 0.7400115 0
0.1428583 1.251666 -0.3139152 1

-0.437126 -0.8992686 -0.01539981 0
-0.8584569 0.4120582 0.3053855 0
0.268278 -0.1467121 0.9521045 0
0.1438842 1.228296 -0.3004781 1

-0.8365732 -0.3923034 -0.3824177 0
0.3976566 0.04533209 -0.9164137 0
-0.3768481 0.9187184 -0.1180786 0
0.09318244 1.317669 -0.5542498 1

-0.5469182 -0.06113978 -0.8349506 0
0.1539505 0.9729772 -0.1720892 0
-0.8229093 0.2226598 0.5227264 0
0.1693654 1.310433 -0.5729809 1

-0.5582461 0.005461659 -0.8296574 0
-0.2717921 0.9435964 0.1890906 0
-0.7838944 -0.3310534 0.5252746 0
0.1783203 1.323822 -0.5520759 1

-0.5935117 -0.01456166 -0.8046937 0
-0.4049287 0.8694745 0.2829262 0
-0.6955406 -0.4937635 0.5219398 0
0.1735961 1.330256 -0.5281047 1

-0.4506236 -0.3300215 -0.8294723 0
-0.1838475 0.9435482 -0.2755307 0
-0.8735781 -0.02833584 0.4858589 0
0.1813917 1.312397 -0.5059891 1

0.2056979 -0.9757649 0.07464392 0
-0.02938506 -0.08239906 -0.9961663 0
-0.9781744 -0.2027157 0.04562208 0
0.1216073 1.307877 -0.2486938 1

-0.21906 -0.9642755 -0.1489488 0
-0.7874441 0.2648615 -0.5565797 0
-0.5761467 0.004635505 0.8173332 0
0.1485642 1.306882 -0.3353313 1

-0.0274312 -0.9940851 -0.1050833 0
-0.01554468 -0.104686 0.994384 0
0.9995031 -0.02891076 0.01258105 0
0.1238818 1.272599 -0.3039009 1

-0.3054587 -0.9444227 -0.1214941 0
0.4561012 -0.2571201 0.851975 0
0.8358632 -0.2048298 -0.5092916 0
0.1165514 1.260015 -0.2888549 1

-0.3827344 -0.9181831 -0.102246 0
0.0396198 -0.1268839 0.9911261 0
0.9230087 -0.3752873 -0.0849409 0
0.1197171 1.239896 -0.291881 1

-0.8365732 -0.3923034 -0.3824177 0
0.3976566 0.04533209 -0.9164137 0
-0.3768481 0.9187184 -0.1180786 0
0.1056428 1.319089 -0.5829652 1

-0.5469182 -0.06113978 -0.8349506 0
0.1539505 0.9729772 -0.1720892 0
-0.8229093 0.2226598 0.5227264 0
0.1733532 1.335635 -0.5774385 1

-0.5582461 0.005461659 -0.8296574 0
-0.2717921 0.9435964 0.1890906 0
-0.7838944 -0.3310534 0.5252746 0
0.1728978 1.342648 -0.5483034 1

-0.5935117 -0.01456166 -0.8046937 0
-0.4049287 0.8694745 0.2829262 0
-0.6955406 -0.4937635 0.5219398 0
0.1667914 1.344867 -0.5233502 1

-0.4506236 -0.3300215 -0.8294723 0
-0.1838475 0.9435482 -0.2755307 0
-0.8735781 -0.02833584 0.4858589 0
0.1774329 1.332714 -0.5119222 1

0.2056979 -0.9757649 0.07464392 0
-0.02938506 -0.08239906 -0.9961663 0
-0.9781744 -0.2027157 0.04562208 0
0.1206864 1.305295 -0.2799123 1

-0.21906 -0.9642755 -0.1489488 0
-0.7874441 0.2648615 -0.5565797 0
-0.5761467 0.004635505 0.8173332 0
0.1281674 1.313743 -0.3497481 1

-0.0274312 -0.9940851 -0.1050833 0
-0.01554468 -0.104686 0.994384 0
0.9995031 -0.02891076 0.01258105 0
0.1235716 1.27051 -0.284062 1

-0.3054587 -0.9444227 -0.1214941 0
0.4561012 -0.2571201 0.851975 0
0.8358632 -0.2048298 -0.5092916 0
0.124216 1.255694 -0.2745378 1

-0.3827344 -0.9181831 -0.102246 0
0.0396198 -0.1268839 0.9911261 0
0.9230087 -0.3752873 -0.0849409 0
0.1205703 1.237164 -0.2705393 1

0.9401268 0.1593964 -0.3012546 0
-0.04565655 0.9348307 0.3521464 0
-0.3377529 0.317308 -0.8861369 0
0.01052318 0.9042666 0.006944584 1

0.9753678 0.03594798 -0.2176357 0
-0.01665024 0.995815 0.08986318 0
-0.2199553 0.08402598 -0.9718844 0
0.0009837849 0.9955214 0.02545923 1

-0.8016442 -0.08019292 0.5923984 0
-0.0952093 -0.9611856 -0.2589546 0
-0.5901711 0.2639912 -0.7628936 0
-0.07855212 0.8583112 0.02444012 1

-0.9200763 0.3871034 0.06008901 0
-0.3497565 -0.7426637 -0.5710701 0
0.1764373 0.5464445 -0.8186991 0
0.1025875 0.8890235 -0.03360415 1

0.9984661 0.004625857 -0.0551737 0
-0.007192984 0.9988961 -0.04642104 0
-0.05489802 -0.04674672 -0.9973971 0
-0.001722689 1.15739 0.04006637 1

-0.8206705 -0.1205643 0.5585376 0
0.5312596 -0.5209023 0.6681497 0
-0.2103885 -0.8450593 -0.4915401 0
-0.1183825 0.4562036 -0.0838923 1

-0.9660554 0.1114913 0.2330378 0
-0.09712915 -0.9926453 0.07225968 0
-0.2393802 -0.04717229 -0.9697793 0
-0.04373147 0.5783337 -0.2725086 1

0.9939426 0.02155429 0.1077667 0
0.01741377 0.9373038 -0.3480778 0
0.1085128 -0.3478459 -0.9312509 0
-0.002708183 1.294246 0.03370636 1

-0.8565459 0.03873469 0.5146154 0
0.1649664 -0.9243095 0.3441485 0
-0.4889944 -0.3796731 -0.7853234 0
0.08850716 0.2533474 0.1763068 1

-0.9469903 0.03124303 0.3197396 0
-0.1358433 -0.9408499 -0.3104004 0
-0.2911291 0.3373805 -0.8952196 0
-0.08155677 0.1917648 -0.2443683 1

0.9889154 -0.01127179 0.1480508 0
0.05120978 0.961825 -0.2688312 0
0.1393688 -0.2734329 -0.9517409 0
-0.005016443 1.439466 0.02595045 1

0.4348958 -0.1458027 -0.8885987 0
-0.895566 -0.1729931 -0.409921 0
0.09395369 -0.9740714 0.20581 0
-0.06612046 1.401599 0.0269508 1

-0.4991153 0.4827082 0.7196367 0
0.8469926 0.09638147 0.522795 0
-0.1829977 -0.8704616 0.456956 0
0.05601976 1.40425 0.04019309 1

-0.7606398 0.06909004 0.6454873 0
-0.5400528 -0.6191087 -0.5701295 0
-0.3602365 0.7822604 -0.508231 0
0.113582 0.1128524 0.2286174 1

-0.9790695 0.03884637 0.1997845 0
-0.2031765 -0.2440673 -0.9482356 0
-0.01192527 0.9689802 -0.2468514 0
-0.102205 0.04875565 -0.2915491 1

0.9889154 -0.01127179 0.1480508 0
0.05120978 0.961825 -0.2688312 0
0.1393688 -0.2734329 -0.9517409 0
-0.001502127 1.478675 0.00546147 1

0.810891 0.5163587 -0.2753719 0
0.06170343 -0.5433822 -0.8372148 0
0.5819352 -0.6618985 0.4724851 0
-0.1777617 1.380034 -0.02414994 1

0.456778 0.1611832 0.8748567 0
0.4866974 -0.8684875 -0.09410338 0
-0.744634 -0.4687747 0.4751535 0
0.1616055 1.416265 0.1053645 1

